14.49730929 -8.152133055e-06
14.4973088 -8.152133045e-06
14.49729857 -8.15213303e-06
14.49729717 -8.152133024e-06
14.497293 -8.152133013e-06
14.49727834 -8.152132995e-06
14.49728072 -8.152132995e-06
14.49729265 -8.152133007e-06
14.49727795 -8.152133006e-06
14.49728482 -8.152133016e-06
14.49729922 -8.152133038e-06
14.49730561 -8.152133047e-06
14.4973028 -8.152133037e-06
14.49728847 -8.152133022e-06
14.49730314 -8.152133028e-06
14.49730481 -8.152133027e-06
14.49728008 -8.152133002e-06
14.4972725 -8.152132994e-06
14.49728554 -8.152133006e-06
14.49729588 -8.15213302e-06
14.49730623 -8.152133037e-06
14.49730626 -8.152133045e-06
14.49730712 -8.152133039e-06
14.49730772 -8.152133033e-06
14.49728467 -8.152133014e-06
14.49728946 -8.152133013e-06
14.49729401 -8.152133018e-06
14.4972918 -8.152133014e-06
14.49729642 -8.152133021e-06
14.49730651 -8.152133038e-06
14.49731506 -8.152133049e-06
14.49730586 -8.152133043e-06
14.49729966 -8.152133037e-06
14.49729178 -8.152133015e-06
14.49728761 -8.152133006e-06
14.49728077 -8.152133e-06
14.49728064 -8.152133002e-06
14.49728934 -8.152133012e-06
14.4973004 -8.15213303e-06
14.49730919 -8.152133045e-06
14.49731411 -8.152133056e-06
14.49731607 -8.152133056e-06
14.49730295 -8.152133039e-06
14.49729746 -8.152133031e-06
14.49727408 -8.152132983e-06
14.49726519 -8.152132977e-06
14.49727637 -8.152132989e-06
14.49728295 -8.152133003e-06
14.4972982 -8.152133021e-06
14.49730912 -8.152133042e-06
14.49730992 -8.152133049e-06
14.4973037 -8.152133044e-06
14.4972978 -8.152133033e-06
14.49729371 -8.152133022e-06
14.49729961 -8.152133029e-06
14.49725618 -8.152132949e-06
14.49725783 -8.152132962e-06
14.49727472 -8.15213299e-06
14.49729045 -8.152133013e-06
14.49730641 -8.152133036e-06
14.49730964 -8.152133044e-06
14.4973037 -8.152133037e-06
14.49729473 -8.152133034e-06
14.49728657 -8.152133022e-06
14.49727998 -8.152133007e-06
14.49729447 -8.152133018e-06
14.49723719 -8.152132933e-06
14.49725689 -8.152132961e-06
14.49727329 -8.152132994e-06
14.49729535 -8.152133023e-06
14.49731081 -8.152133047e-06
14.49730354 -8.152133039e-06
14.49729107 -8.152133024e-06
14.49730143 -8.152133037e-06
14.49731494 -8.152133045e-06
14.49729518 -8.152133025e-06
14.49729397 -8.152133021e-06
14.49725505 -8.152132956e-06
14.49727252 -8.152132984e-06
14.49728033 -8.152133006e-06
14.49729449 -8.152133029e-06
14.49730657 -8.152133049e-06
14.49730876 -8.15213304e-06
14.49729712 -8.152133023e-06
14.49730426 -8.152133038e-06
14.49731843 -8.152133056e-06
14.49730404 -8.152133046e-06
14.49729723 -8.152133032e-06
14.49727514 -8.152132989e-06
14.49728765 -8.15213301e-06
14.49729009 -8.152133017e-06
14.49729279 -8.152133025e-06
14.49729814 -8.152133038e-06
14.49730722 -8.152133037e-06
14.49729472 -8.152133027e-06
14.49729396 -8.152133034e-06
14.49730695 -8.152133055e-06
14.497319 -8.152133064e-06
14.49731717 -8.152133055e-06
14.49728157 -8.152133003e-06
14.49729405 -8.152133023e-06
14.49729462 -8.152133028e-06
14.49729801 -8.152133028e-06
14.49730301 -8.152133038e-06
14.49731315 -8.152133046e-06
14.49730713 -8.152133044e-06
14.49731285 -8.152133054e-06
14.49732424 -8.152133077e-06
14.49733491 -8.152133091e-06
14.49732964 -8.15213308e-06
14.49728158 -8.152133003e-06
14.49729738 -8.152133026e-06
14.49731288 -8.152133047e-06
14.49731833 -8.152133052e-06
14.49731142 -8.152133054e-06
14.49731536 -8.15213306e-06
14.49731552 -8.152133057e-06
14.49732319 -8.152133069e-06
14.49733817 -8.152133098e-06
14.49734374 -8.152133108e-06
14.49732284 -8.152133078e-06
14.49730693 -8.152133051e-06
14.49731208 -8.152133049e-06
14.49730274 -8.152133041e-06
14.49730519 -8.152133039e-06
14.49730838 -8.152133037e-06
14.49729858 -8.152133022e-06
14.49729693 -8.152133018e-06
14.49729441 -8.152133016e-06
14.49728169 -8.152133011e-06
14.49730053 -8.152133026e-06
14.49730436 -8.152133037e-06
14.49729617 -8.152133038e-06
14.49730121 -8.152133036e-06
14.49729617 -8.152133031e-06
14.49731005 -8.15213304e-06
14.49730402 -8.152133039e-06
14.49728262 -8.152133016e-06
14.49728796 -8.152133014e-06
14.49728595 -8.152133016e-06
14.49728431 -8.152133014e-06
14.49730587 -8.152133032e-06
14.49731177 -8.152133045e-06
14.49729878 -8.152133033e-06
14.49730723 -8.152133035e-06
14.49729454 -8.152133025e-06
14.49730139 -8.15213303e-06
14.49729952 -8.152133027e-06
14.49727866 -8.152133008e-06
14.49728663 -8.152133014e-06
14.49729193 -8.152133024e-06
14.49729129 -8.152133023e-06
14.49729499 -8.152133026e-06
14.49730149 -8.152133037e-06
14.49728219 -8.152133007e-06
14.49729235 -8.152133012e-06
14.49728737 -8.152133012e-06
14.49728968 -8.15213302e-06
14.49729917 -8.152133023e-06
14.49728872 -8.152133019e-06
14.49729507 -8.152133027e-06
14.49729866 -8.152133032e-06
14.49729422 -8.152133025e-06
14.4972901 -8.152133019e-06
14.49729571 -8.152133028e-06
14.49725721 -8.152132966e-06
14.49726601 -8.152132977e-06
14.49728438 -8.152132996e-06
14.49729181 -8.152133015e-06
14.49729899 -8.152133029e-06
14.49730305 -8.15213304e-06
14.49731057 -8.152133045e-06
14.49730608 -8.152133038e-06
14.49729838 -8.152133023e-06
14.49728999 -8.152133013e-06
14.49730046 -8.152133025e-06
14.49724265 -8.152132937e-06
14.4972563 -8.15213296e-06
14.49727811 -8.15213299e-06
14.49728598 -8.152133011e-06
14.49729848 -8.152133036e-06
14.49731274 -8.152133051e-06
14.49731258 -8.152133044e-06
14.49730406 -8.152133031e-06
14.49729427 -8.152133015e-06
14.49727288 -8.152132998e-06
14.4972873 -8.152133011e-06
14.49724607 -8.152132944e-06
14.49727401 -8.152132976e-06
14.49728418 -8.152133005e-06
14.4972927 -8.152133023e-06
14.49730798 -8.152133044e-06
14.49730284 -8.152133042e-06
14.49728705 -8.152133021e-06
14.4972848 -8.152133014e-06
14.49729068 -8.152133012e-06
14.49728076 -8.152133005e-06
14.49729625 -8.152133017e-06
14.49727006 -8.15213298e-06
14.49728964 -8.152133003e-06
14.49729403 -8.152133023e-06
14.49731489 -8.152133043e-06
14.4973201 -8.152133054e-06
14.49730127 -8.152133037e-06
14.49729668 -8.152133018e-06
14.4972924 -8.152133018e-06
14.49729442 -8.152133023e-06
14.49729497 -8.152133025e-06
14.49729524 -8.152133026e-06
14.49728652 -8.152133011e-06
14.49729563 -8.152133022e-06
14.49729572 -8.152133028e-06
14.49731152 -8.152133041e-06
14.49731006 -8.15213305e-06
14.49729281 -8.152133032e-06
14.49729667 -8.152133022e-06
14.49730452 -8.152133034e-06
14.4973083 -8.152133042e-06
14.49730553 -8.152133039e-06
14.49729104 -8.15213303e-06
14.49728978 -8.15213302e-06
14.49730749 -8.152133038e-06
14.49730036 -8.152133042e-06
14.49730019 -8.152133043e-06
14.4973143 -8.152133056e-06
14.49730515 -8.152133045e-06
14.49729112 -8.152133032e-06
14.49730958 -8.15213305e-06
14.49731983 -8.152133064e-06
14.4973138 -8.152133061e-06
14.49730808 -8.152133051e-06
14.49728629 -8.152133011e-06
14.49731247 -8.152133042e-06
14.49731692 -8.152133059e-06
14.4973141 -8.152133058e-06
14.49732728 -8.152133068e-06
14.49732095 -8.152133061e-06
14.49730165 -8.152133046e-06
14.49731792 -8.15213306e-06
14.49733432 -8.152133081e-06
14.49733444 -8.152133082e-06
14.49731784 -8.152133063e-06
14.49729916 -8.152133042e-06
14.49730828 -8.152133041e-06
14.49729434 -8.152133026e-06
14.49729159 -8.152133018e-06
14.49730383 -8.152133032e-06
14.49730987 -8.152133038e-06
14.49730607 -8.152133037e-06
14.49729507 -8.152133024e-06
14.49728292 -8.152133006e-06
14.49729 -8.152133015e-06
14.49729239 -8.152133024e-06
14.49730207 -8.152133032e-06
14.49730122 -8.15213303e-06
14.49729307 -8.152133024e-06
14.49728919 -8.152133021e-06
14.49728883 -8.152133025e-06
14.49729532 -8.152133026e-06
14.49730938 -8.152133039e-06
14.49730093 -8.152133032e-06
14.49728412 -8.152133007e-06
14.49728699 -8.152133011e-06
14.49729955 -8.152133027e-06
14.49729854 -8.152133024e-06
14.49729293 -8.152133023e-06
14.4972934 -8.152133021e-06
14.49729693 -8.152133028e-06
14.49729739 -8.152133025e-06
14.49729017 -8.152133015e-06
14.49730385 -8.152133031e-06
14.49730541 -8.152133033e-06
14.49728951 -8.152133011e-06
14.49728484 -8.152133009e-06
14.49729597 -8.152133026e-06
14.49729064 -8.15213301e-06
14.49728332 -8.152133011e-06
14.49728633 -8.152133014e-06
14.49729289 -8.152133026e-06
14.49729407 -8.152133024e-06
14.49728205 -8.152133013e-06
14.4972951 -8.152133023e-06
14.49729273 -8.152133021e-06
14.49727941 -8.152133001e-06
14.49728262 -8.152133002e-06
14.49729168 -8.15213302e-06
14.49728158 -8.152132984e-06
14.49726862 -8.152132987e-06
14.4972801 -8.152133e-06
14.49729046 -8.152133016e-06
14.4972906 -8.152133022e-06
14.49728888 -8.152133024e-06
14.49729587 -8.152133026e-06
14.49728513 -8.152133015e-06
14.49728134 -8.152132999e-06
14.4972815 -8.152132996e-06
14.49728869 -8.152133011e-06
14.49725391 -8.152132953e-06
14.49725377 -8.152132965e-06
14.49727374 -8.152132988e-06
14.49727722 -8.152133002e-06
14.49729291 -8.152133022e-06
14.49731046 -8.152133039e-06
14.49730033 -8.152133028e-06
14.49728963 -8.152133013e-06
14.49729039 -8.152133001e-06
14.49727045 -8.152132991e-06
14.49727592 -8.152133003e-06
14.49724666 -8.15213295e-06
14.49727222 -8.152132975e-06
14.49728655 -8.152132998e-06
14.49727756 -8.152133006e-06
14.49729655 -8.152133025e-06
14.49730517 -8.152133033e-06
14.49728371 -8.152133011e-06
14.49727439 -8.152132995e-06
14.49727628 -8.152132993e-06
14.4972769 -8.152133002e-06
14.49730002 -8.152133024e-06
14.49726547 -8.152132977e-06
14.49727976 -8.152132994e-06
14.49728687 -8.152133012e-06
14.49729752 -8.152133028e-06
14.49730725 -8.152133041e-06
14.4972922 -8.152133028e-06
14.49728212 -8.152133004e-06
14.4972725 -8.152132993e-06
14.49727082 -8.152132997e-06
14.49729571 -8.152133021e-06
14.4973109 -8.15213304e-06
14.49728838 -8.152133012e-06
14.49728848 -8.152133014e-06
14.49728999 -8.152133021e-06
14.4973035 -8.152133037e-06
14.49731156 -8.152133049e-06
14.49729334 -8.152133031e-06
14.4972909 -8.152133014e-06
14.49729763 -8.152133017e-06
14.49729574 -8.15213302e-06
14.49730431 -8.152133031e-06
14.49729696 -8.152133036e-06
14.49729781 -8.152133028e-06
14.4973081 -8.152133039e-06
14.49731126 -8.152133044e-06
14.49730199 -8.152133044e-06
14.4973176 -8.152133057e-06
14.49731127 -8.15213305e-06
14.49729596 -8.152133037e-06
14.49730787 -8.152133041e-06
14.49729771 -8.152133036e-06
14.49729611 -8.152133035e-06
14.49730407 -8.152133043e-06
14.49728887 -8.152133015e-06
14.497302 -8.15213304e-06
14.49731941 -8.152133062e-06
14.49731074 -8.15213306e-06
14.497322 -8.152133068e-06
14.49732839 -8.15213307e-06
14.4973218 -8.152133063e-06
14.49732202 -8.152133059e-06
14.4973013 -8.152133047e-06
14.49730657 -8.152133047e-06
14.49731209 -8.152133053e-06
14.49728837 -8.152133026e-06
14.49729642 -8.15213303e-06
14.49729325 -8.152133025e-06
14.49729093 -8.152133014e-06
14.49729454 -8.152133023e-06
14.49729868 -8.152133035e-06
14.49730795 -8.152133046e-06
14.49730432 -8.15213304e-06
14.49728481 -8.152133013e-06
14.49728368 -8.152133012e-06
14.49729869 -8.152133025e-06
14.49728795 -8.152133015e-06
14.49729994 -8.152133029e-06
14.49730092 -8.152133035e-06
14.49728816 -8.15213302e-06
14.49728772 -8.152133014e-06
14.49729041 -8.152133019e-06
14.49730221 -8.152133037e-06
14.49730602 -8.15213304e-06
14.49728835 -8.152133015e-06
14.4972776 -8.152133007e-06
14.49729041 -8.15213302e-06
14.49727877 -8.152133004e-06
14.49728534 -8.152133019e-06
14.49730495 -8.152133037e-06
14.49730544 -8.152133037e-06
14.49730513 -8.152133026e-06
14.49729171 -8.152133016e-06
14.49729751 -8.152133031e-06
14.49730648 -8.152133038e-06
14.4972925 -8.152133015e-06
14.49728398 -8.152133005e-06
14.49729203 -8.152133016e-06
14.49728958 -8.152133008e-06
14.49729102 -8.152133017e-06
14.49730582 -8.152133037e-06
14.49730957 -8.15213305e-06
14.49730749 -8.15213304e-06
14.49729317 -8.152133026e-06
14.49730449 -8.152133031e-06
14.49729616 -8.152133022e-06
14.49727313 -8.152132996e-06
14.49727968 -8.152132997e-06
14.49729399 -8.152133016e-06
14.49729329 -8.152133004e-06
14.49728778 -8.152133006e-06
14.49729937 -8.152133025e-06
14.49730857 -8.152133041e-06
14.49730868 -8.152133039e-06
14.4972971 -8.152133032e-06
14.49729878 -8.152133021e-06
14.49727682 -8.152132999e-06
14.49726274 -8.152132982e-06
14.49727348 -8.152132991e-06
14.49728768 -8.152133011e-06
14.4972729 -8.152132982e-06
14.49726068 -8.152132978e-06
14.49728013 -8.152132997e-06
14.49728879 -8.152133013e-06
14.49729893 -8.152133026e-06
14.49729843 -8.152133029e-06
14.49728254 -8.152133008e-06
14.49727044 -8.152132991e-06
14.49727538 -8.152132988e-06
14.49727694 -8.152132994e-06
14.49729009 -8.152133012e-06
14.49726263 -8.152132967e-06
14.49726081 -8.152132969e-06
14.49727847 -8.152132986e-06
14.49727378 -8.152132996e-06
14.49728605 -8.152133015e-06
14.49729685 -8.152133021e-06
14.49728276 -8.152132999e-06
14.49728239 -8.15213299e-06
14.49728461 -8.152132997e-06
14.49728822 -8.152133014e-06
14.49730781 -8.152133036e-06
14.49726168 -8.152132967e-06
14.49725908 -8.152132969e-06
14.49727291 -8.152132985e-06
14.49728155 -8.152133004e-06
14.49729599 -8.152133028e-06
14.49729879 -8.152133028e-06
14.49728037 -8.152133001e-06
14.49727368 -8.15213299e-06
14.49727648 -8.152133004e-06
14.49730265 -8.152133037e-06
14.49731647 -8.152133053e-06
14.49728357 -8.152132996e-06
14.49727151 -8.152132989e-06
14.49727867 -8.152133001e-06
14.49728937 -8.152133021e-06
14.49730866 -8.152133044e-06
14.49731119 -8.152133041e-06
14.49728737 -8.152133014e-06
14.49728105 -8.152133006e-06
14.49728575 -8.152133019e-06
14.49731074 -8.152133048e-06
14.49731608 -8.152133059e-06
14.49729352 -8.152133019e-06
14.49728967 -8.152133016e-06
14.497307 -8.15213303e-06
14.49730068 -8.152133036e-06
14.49730817 -8.152133047e-06
14.49731016 -8.152133047e-06
14.49729551 -8.152133036e-06
14.4973013 -8.152133032e-06
14.49729354 -8.152133027e-06
14.49730581 -8.152133043e-06
14.49731999 -8.152133062e-06
14.49728505 -8.152133013e-06
14.49728876 -8.152133021e-06
14.49731414 -8.152133049e-06
14.49731 -8.152133056e-06
14.49731051 -8.152133055e-06
14.49731625 -8.152133059e-06
14.49732132 -8.152133064e-06
14.49731875 -8.152133054e-06
14.49729137 -8.152133031e-06
14.49730285 -8.152133039e-06
14.49731431 -8.152133057e-06
14.49729089 -8.152133025e-06
14.49729527 -8.152133032e-06
14.49730668 -8.152133043e-06
14.49730727 -8.152133039e-06
14.49730307 -8.152133033e-06
14.49729979 -8.152133032e-06
14.49731104 -8.152133046e-06
14.49731499 -8.152133055e-06
14.49730514 -8.152133041e-06
14.49730802 -8.152133041e-06
14.497316 -8.152133045e-06
14.49729267 -8.152133021e-06
14.49732033 -8.152133049e-06
14.49732375 -8.15213306e-06
14.49729411 -8.152133033e-06
14.49728621 -8.152133013e-06
14.49728518 -8.152133011e-06
14.49729568 -8.152133026e-06
14.49730579 -8.152133043e-06
14.49730202 -8.152133035e-06
14.49730051 -8.152133029e-06
14.49730185 -8.152133032e-06
14.49728405 -8.152133013e-06
14.49729379 -8.152133034e-06
14.49731703 -8.152133051e-06
14.49729747 -8.152133032e-06
14.49728481 -8.152133008e-06
14.49727356 -8.152132999e-06
14.49728187 -8.152133014e-06
14.49729783 -8.152133031e-06
14.49729537 -8.152133024e-06
14.49728966 -8.152133012e-06
14.49728674 -8.152133013e-06
14.49729491 -8.152133015e-06
14.49728957 -8.152133023e-06
14.49731262 -8.152133046e-06
14.49730459 -8.152133045e-06
14.4972999 -8.152133028e-06
14.49729237 -8.152133021e-06
14.49729883 -8.152133027e-06
14.49729932 -8.152133027e-06
14.49728858 -8.152133014e-06
14.4972839 -8.152133007e-06
14.49728635 -8.15213301e-06
14.49728075 -8.152133009e-06
14.49728844 -8.152133016e-06
14.49730878 -8.152133039e-06
14.49730749 -8.152133047e-06
14.49730891 -8.152133041e-06
14.49730179 -8.152133035e-06
14.49730145 -8.152133024e-06
14.49729017 -8.152133009e-06
14.49728649 -8.152133004e-06
14.49728768 -8.152133009e-06
14.49728993 -8.152133013e-06
14.49727889 -8.152133001e-06
14.49727544 -8.152132997e-06
14.49728974 -8.152133014e-06
14.49729553 -8.152133027e-06
14.49730004 -8.152133031e-06
14.49729003 -8.152133022e-06
14.49727786 -8.152132999e-06
14.49727002 -8.152132991e-06
14.4972773 -8.152132998e-06
14.49728279 -8.152133004e-06
14.49729086 -8.152133009e-06
14.49728103 -8.152132986e-06
14.49726958 -8.152132981e-06
14.49727664 -8.152132994e-06
14.49728359 -8.152133007e-06
14.49729007 -8.152133017e-06
14.49728513 -8.152133009e-06
14.49727168 -8.152132989e-06
14.49727937 -8.152132995e-06
14.49728773 -8.15213301e-06
14.49728801 -8.152133017e-06
14.49729312 -8.15213302e-06
14.49725759 -8.152132963e-06
14.49725777 -8.152132964e-06
14.49727284 -8.152132984e-06
14.49728616 -8.152133001e-06
14.49729409 -8.152133017e-06
14.49729383 -8.152133016e-06
14.49727543 -8.152132999e-06
14.4972867 -8.152133007e-06
14.49730383 -8.152133031e-06
14.49731266 -8.152133049e-06
14.49730774 -8.152133045e-06
14.4972694 -8.152132975e-06
14.49726345 -8.15213297e-06
14.49727509 -8.152132989e-06
14.49728741 -8.15213301e-06
14.49729947 -8.152133029e-06
14.49730863 -8.15213303e-06
14.49728989 -8.152133015e-06
14.49729431 -8.152133023e-06
14.49731029 -8.152133045e-06
14.49732423 -8.152133068e-06
14.49732415 -8.152133071e-06
14.49728047 -8.152132997e-06
14.49727188 -8.15213299e-06
14.49728598 -8.152133006e-06
14.49729637 -8.152133025e-06
14.49729622 -8.152133033e-06
14.49729603 -8.152133026e-06
14.49729297 -8.152133023e-06
14.49730439 -8.152133032e-06
14.49730921 -8.152133039e-06
14.49731857 -8.15213306e-06
14.49732651 -8.152133076e-06
14.49728297 -8.152133003e-06
14.4972799 -8.152133001e-06
14.49728947 -8.152133021e-06
14.49730631 -8.152133044e-06
14.49730287 -8.152133041e-06
14.49729256 -8.152133029e-06
14.4972983 -8.152133036e-06
14.49730012 -8.152133038e-06
14.49729348 -8.152133026e-06
14.49730844 -8.152133041e-06
14.49731624 -8.152133062e-06
14.4972917 -8.152133024e-06
14.49729534 -8.15213303e-06
14.49730972 -8.152133049e-06
14.49731461 -8.152133056e-06
14.49731117 -8.152133044e-06
14.49729956 -8.152133028e-06
14.49730182 -8.152133037e-06
14.49731804 -8.152133058e-06
14.49732013 -8.152133056e-06
14.49730983 -8.152133054e-06
14.49731145 -8.152133053e-06
14.49730834 -8.152133038e-06
14.49732341 -8.152133057e-06
14.49732283 -8.152133066e-06
14.49730698 -8.152133054e-06
14.49730187 -8.152133034e-06
14.49729595 -8.152133021e-06
14.4973018 -8.152133032e-06
14.49730853 -8.15213305e-06
14.49730622 -8.152133045e-06
14.49730302 -8.152133037e-06
14.4973063 -8.152133038e-06
14.49730667 -8.152133041e-06
14.4973015 -8.152133048e-06
14.49731324 -8.152133053e-06
14.49729549 -8.152133035e-06
14.49728044 -8.152133008e-06
14.49727745 -8.152132998e-06
14.49729266 -8.152133015e-06
14.49730422 -8.152133035e-06
14.4972993 -8.152133033e-06
14.49728908 -8.152133017e-06
14.4972842 -8.152133011e-06
14.49731468 -8.152133041e-06
14.49729439 -8.152133036e-06
14.49730881 -8.152133041e-06
14.49729489 -8.152133028e-06
14.49728524 -8.152133007e-06
14.49728803 -8.152133006e-06
14.49729148 -8.152133019e-06
14.49729687 -8.152133033e-06
14.49730434 -8.152133039e-06
14.49729202 -8.152133022e-06
14.49727776 -8.152133004e-06
14.49729802 -8.152133031e-06
14.49729634 -8.152133033e-06
14.49730721 -8.152133039e-06
14.49729737 -8.152133033e-06
14.49729418 -8.152133026e-06
14.49729808 -8.152133029e-06
14.497293 -8.152133026e-06
14.49728946 -8.152133026e-06
14.49731106 -8.152133041e-06
14.49730603 -8.152133033e-06
14.49728675 -8.152133009e-06
14.49729579 -8.152133021e-06
14.49729718 -8.152133022e-06
14.49729888 -8.152133028e-06
14.49729987 -8.152133032e-06
14.49730476 -8.152133037e-06
14.49730114 -8.152133032e-06
14.49729138 -8.152133013e-06
14.49728443 -8.152133008e-06
14.49729429 -8.152133018e-06
14.49728375 -8.152133007e-06
14.4972709 -8.152132988e-06
14.49728022 -8.152132993e-06
14.49728138 -8.152132995e-06
14.49728554 -8.15213301e-06
14.49729484 -8.152133022e-06
14.49730256 -8.15213303e-06
14.49729201 -8.152133018e-06
14.49727745 -8.152132997e-06
14.49727936 -8.152132997e-06
14.49728474 -8.152133006e-06
14.49727857 -8.152132999e-06
14.49727374 -8.152132989e-06
14.49725364 -8.152132963e-06
14.49726452 -8.152132971e-06
14.49727874 -8.152132995e-06
14.49728184 -8.152133006e-06
14.49727951 -8.15213301e-06
14.49727852 -8.152133004e-06
14.49727573 -8.152132994e-06
14.49728633 -8.152133002e-06
14.49729611 -8.152133019e-06
14.49730168 -8.15213303e-06
14.49729767 -8.152133026e-06
14.49726031 -8.152132967e-06
14.49726299 -8.152132968e-06
14.49727194 -8.152132985e-06
14.49727945 -8.152133001e-06
14.4972815 -8.15213301e-06
14.49728142 -8.152133003e-06
14.4972812 -8.152133e-06
14.49729184 -8.152133014e-06
14.49729967 -8.152133031e-06
14.4973126 -8.152133052e-06
14.49731592 -8.152133062e-06
14.49726755 -8.152132982e-06
14.49726793 -8.152132978e-06
14.49727058 -8.152132984e-06
14.49729217 -8.152133011e-06
14.49729835 -8.152133023e-06
14.49728227 -8.152133007e-06
14.49728415 -8.152133005e-06
14.49729647 -8.152133018e-06
14.49729412 -8.152133025e-06
14.49730548 -8.152133046e-06
14.49731753 -8.152133068e-06
14.49728513 -8.152132997e-06
14.49728174 -8.152132993e-06
14.49727541 -8.152132995e-06
14.497302 -8.152133025e-06
14.49730361 -8.152133034e-06
14.49728844 -8.152133017e-06
14.49729597 -8.152133021e-06
14.49728958 -8.152133021e-06
14.49727957 -8.152133012e-06
14.49729841 -8.152133032e-06
14.49730933 -8.152133057e-06
14.49729383 -8.15213302e-06
14.4972932 -8.152133023e-06
14.49730135 -8.15213304e-06
14.49731269 -8.152133058e-06
14.49730247 -8.152133043e-06
14.49728554 -8.152133016e-06
14.49729396 -8.152133023e-06
14.49731462 -8.152133049e-06
14.49731455 -8.152133048e-06
14.49730004 -8.152133041e-06
14.4973156 -8.15213305e-06
14.49730043 -8.152133029e-06
14.49730109 -8.152133038e-06
14.49730883 -8.152133051e-06
14.497331 -8.152133067e-06
14.49732211 -8.152133053e-06
14.49729539 -8.152133026e-06
14.497299 -8.152133029e-06
14.49730655 -8.152133047e-06
14.49730143 -8.15213304e-06
14.49729412 -8.152133028e-06
14.4973063 -8.152133038e-06
14.49730228 -8.152133037e-06
14.49730441 -8.152133041e-06
14.49730604 -8.152133042e-06
14.49731373 -8.152133047e-06
14.4973016 -8.152133032e-06
14.49727953 -8.15213301e-06
14.49729041 -8.152133017e-06
14.4973047 -8.152133035e-06
14.49730225 -8.152133034e-06
14.49729059 -8.152133017e-06
14.49729031 -8.152133017e-06
14.49731018 -8.152133044e-06
14.49730552 -8.152133037e-06
14.49730004 -8.152133027e-06
14.49729414 -8.152133021e-06
14.49728436 -8.15213301e-06
14.49728034 -8.152133005e-06
14.49729049 -8.152133016e-06
14.49730252 -8.152133034e-06
14.49731038 -8.152133043e-06
14.49729593 -8.152133023e-06
14.49728233 -8.152133008e-06
14.49731102 -8.152133047e-06
14.49730507 -8.152133041e-06
14.49729819 -8.15213303e-06
14.49729257 -8.152133019e-06
14.4972869 -8.152133016e-06
14.49729713 -8.152133026e-06
14.49730256 -8.152133032e-06
14.4972992 -8.152133036e-06
14.49731451 -8.152133049e-06
14.4973081 -8.152133032e-06
14.49729244 -8.152133013e-06
14.49730916 -8.152133039e-06
14.49730483 -8.152133037e-06
14.49729984 -8.152133035e-06
14.49729926 -8.152133033e-06
14.49730176 -8.152133036e-06
14.49730562 -8.152133039e-06
14.49730179 -8.152133026e-06
14.49729522 -8.152133017e-06
14.49729755 -8.152133019e-06
14.49727934 -8.152133004e-06
14.49726873 -8.152132993e-06
14.49727231 -8.152133e-06
14.4972773 -8.152133003e-06
14.49729313 -8.152133023e-06
14.49730239 -8.152133036e-06
14.49731145 -8.15213304e-06
14.49730178 -8.15213303e-06
14.49728031 -8.152133004e-06
14.49727176 -8.152132988e-06
14.49727408 -8.152132989e-06
14.49727197 -8.152132988e-06
14.49727616 -8.152132994e-06
14.49726031 -8.15213297e-06
14.49727068 -8.152132981e-06
14.49729134 -8.152133008e-06
14.49729395 -8.152133019e-06
14.49729327 -8.152133021e-06
14.49729198 -8.152133013e-06
14.4972833 -8.152132995e-06
14.49726956 -8.152132983e-06
14.49726784 -8.152132989e-06
14.49728267 -8.152133006e-06
14.49729266 -8.152133021e-06
14.49726418 -8.152132966e-06
14.49726861 -8.152132974e-06
14.49727346 -8.152132988e-06
14.49728361 -8.152133005e-06
14.49729294 -8.152133015e-06
14.49728271 -8.152133004e-06
14.49727439 -8.152132992e-06
14.49727125 -8.152132991e-06
14.49727423 -8.152133003e-06
14.49729851 -8.152133026e-06
14.49730868 -8.152133044e-06
14.49725911 -8.15213297e-06
14.49726947 -8.152132974e-06
14.49725984 -8.152132973e-06
14.4972774 -8.152133e-06
14.49730358 -8.152133023e-06
14.49728049 -8.152133005e-06
14.49727066 -8.152132994e-06
14.4972848 -8.152133e-06
14.49728564 -8.15213301e-06
14.49730439 -8.152133033e-06
14.49731943 -8.152133053e-06
14.49727983 -8.152132992e-06
14.49727795 -8.152132985e-06
14.49726066 -8.152132975e-06
14.49727351 -8.152133e-06
14.4972926 -8.15213302e-06
14.4972875 -8.152133015e-06
14.49729414 -8.15213302e-06
14.49729524 -8.152133019e-06
14.4972861 -8.152133013e-06
14.49729941 -8.152133032e-06
14.4973096 -8.152133052e-06
14.49729459 -8.152133021e-06
14.49729029 -8.152133017e-06
14.49729715 -8.152133025e-06
14.49730705 -8.152133035e-06
14.49729103 -8.152133022e-06
14.49727747 -8.152133007e-06
14.49728969 -8.152133016e-06
14.49730286 -8.152133035e-06
14.49729684 -8.15213303e-06
14.49727988 -8.152133018e-06
14.49729872 -8.152133035e-06
14.49729143 -8.152133018e-06
14.49729095 -8.152133024e-06
14.49729812 -8.152133034e-06
14.49731033 -8.152133046e-06
14.49730551 -8.152133039e-06
14.49729459 -8.15213302e-06
14.49729589 -8.152133017e-06
14.49730093 -8.15213303e-06
14.4973013 -8.152133028e-06
14.4972925 -8.152133017e-06
14.49730247 -8.152133033e-06
14.49730014 -8.152133027e-06
14.49730481 -8.152133035e-06
14.49729389 -8.152133031e-06
14.49730036 -8.152133039e-06
14.49730882 -8.152133043e-06
14.49729493 -8.152133026e-06
14.49728551 -8.152133012e-06
14.49728965 -8.152133021e-06
14.49729717 -8.152133027e-06
14.49728857 -8.152133013e-06
14.49729363 -8.152133021e-06
14.4973031 -8.152133034e-06
14.49729679 -8.152133029e-06
14.49727975 -8.152133015e-06
14.49728788 -8.152133019e-06
14.49729837 -8.152133025e-06
14.49729132 -8.152133021e-06
14.49728873 -8.152133014e-06
14.49729424 -8.152133023e-06
14.4972968 -8.152133029e-06
14.49727674 -8.152133006e-06
14.49727878 -8.152133004e-06
14.49730547 -8.15213304e-06
14.49729419 -8.152133032e-06
14.49728778 -8.152133021e-06
14.49729176 -8.152133017e-06
14.49728872 -8.152133015e-06
14.4972961 -8.152133022e-06
14.49730084 -8.152133026e-06
14.49729511 -8.152133026e-06
14.49729671 -8.152133028e-06
14.4972876 -8.152133011e-06
14.4972936 -8.152133012e-06
14.4973118 -8.152133035e-06
14.49730519 -8.152133034e-06
14.49730905 -8.152133038e-06
14.49730404 -8.152133037e-06
14.49729384 -8.152133029e-06
14.49729643 -8.152133028e-06
14.49729192 -8.152133018e-06
14.49728433 -8.152133006e-06
14.49728278 -8.152133006e-06
14.49727986 -8.152133006e-06
14.49728988 -8.152133016e-06
14.49728229 -8.152133004e-06
14.497283 -8.15213301e-06
14.49730232 -8.152133033e-06
14.49730442 -8.152133044e-06
14.49730412 -8.15213304e-06
14.49729689 -8.15213303e-06
14.49727439 -8.152133004e-06
14.49726819 -8.152132989e-06
14.49727578 -8.152132995e-06
14.49728746 -8.152133007e-06
14.49730208 -8.152133024e-06
14.49727168 -8.152132979e-06
14.49727635 -8.152132991e-06
14.49729395 -8.152133016e-06
14.49729561 -8.152133024e-06
14.49729077 -8.152133022e-06
14.49729511 -8.152133023e-06
14.49728925 -8.152133011e-06
14.49728374 -8.152133003e-06
14.49728794 -8.152133008e-06
14.49728869 -8.152133012e-06
14.49729157 -8.152133022e-06
14.49726257 -8.152132964e-06
14.4972657 -8.152132977e-06
14.4972742 -8.152132993e-06
14.49728442 -8.152133004e-06
14.49728655 -8.15213301e-06
14.49728965 -8.152133013e-06
14.49728625 -8.152133007e-06
14.49728639 -8.15213301e-06
14.49729577 -8.15213302e-06
14.49729464 -8.152133019e-06
14.49728687 -8.152133018e-06
14.49725138 -8.152132954e-06
14.49726331 -8.152132964e-06
14.49726684 -8.15213297e-06
14.4972799 -8.152132992e-06
14.49729561 -8.15213301e-06
14.4972881 -8.152133006e-06
14.49727723 -8.152132997e-06
14.49728436 -8.152133004e-06
14.49729256 -8.152133019e-06
14.49729595 -8.152133024e-06
14.49729431 -8.152133024e-06
14.49726461 -8.15213297e-06
14.49726333 -8.152132966e-06
14.49725923 -8.15213296e-06
14.49726794 -8.152132979e-06
14.49728182 -8.152133e-06
14.49728313 -8.152133007e-06
14.49728876 -8.152133015e-06
14.49729287 -8.15213302e-06
14.49729147 -8.152133021e-06
14.49729547 -8.152133028e-06
14.49729754 -8.152133037e-06
14.49728511 -8.152133015e-06
14.49728079 -8.152133006e-06
14.49728253 -8.152133003e-06
14.4972804 -8.152133003e-06
14.4972792 -8.152133002e-06
14.49727951 -8.152133004e-06
14.49728148 -8.15213301e-06
14.49729405 -8.152133022e-06
14.49729432 -8.152133021e-06
14.49728129 -8.152133013e-06
14.49729858 -8.152133038e-06
14.49729398 -8.152133025e-06
14.49729707 -8.152133027e-06
14.49730121 -8.152133025e-06
14.4972818 -8.152133016e-06
14.49728318 -8.152133012e-06
14.49729372 -8.152133012e-06
14.49728418 -8.152133008e-06
14.49729026 -8.152133018e-06
14.49729599 -8.152133023e-06
14.49729143 -8.152133017e-06
14.49730434 -8.152133038e-06
14.49730088 -8.15213304e-06
14.49731256 -8.152133048e-06
14.497311 -8.152133038e-06
14.49729731 -8.152133029e-06
14.49730457 -8.152133034e-06
14.49730617 -8.152133031e-06
14.49728603 -8.152133013e-06
14.49728727 -8.152133021e-06
14.49730112 -8.152133035e-06
14.49729347 -8.152133021e-06
14.49729323 -8.152133023e-06
14.49730261 -8.152133039e-06
14.49730358 -8.152133036e-06
14.4972973 -8.152133025e-06
14.49729963 -8.152133027e-06
14.49730752 -8.152133034e-06
14.49730167 -8.152133029e-06
14.49728751 -8.152133013e-06
14.49729402 -8.152133022e-06
14.49730685 -8.152133033e-06
14.49728136 -8.152133007e-06
14.49726954 -8.152132995e-06
14.49729788 -8.152133032e-06
14.49729383 -8.152133026e-06
14.49729637 -8.152133023e-06
14.49729398 -8.152133023e-06
14.4972853 -8.152133018e-06
14.49728819 -8.152133017e-06
14.49728502 -8.152133012e-06
14.49728639 -8.152133014e-06
14.49729979 -8.152133023e-06
14.49728526 -8.152133008e-06
14.49727795 -8.152133003e-06
14.497293 -8.152133016e-06
14.49728745 -8.152133018e-06
14.49730161 -8.152133026e-06
14.49730366 -8.152133032e-06
14.49729535 -8.152133028e-06
14.49729889 -8.152133028e-06
14.49729129 -8.152133015e-06
14.49728397 -8.152133004e-06
14.49728848 -8.152133014e-06
14.49729243 -8.152133021e-06
14.4972944 -8.152133024e-06
14.49728035 -8.152132996e-06
14.49727601 -8.152133002e-06
14.49729181 -8.152133017e-06
14.49730172 -8.15213303e-06
14.4973076 -8.152133035e-06
14.49730937 -8.152133038e-06
14.49729239 -8.152133021e-06
14.49728817 -8.152133013e-06
14.49729172 -8.152133023e-06
14.49730242 -8.152133031e-06
14.49731028 -8.152133033e-06
14.4972735 -8.152132977e-06
14.49727479 -8.152132986e-06
14.49728565 -8.152133e-06
14.49728662 -8.152133003e-06
14.49728176 -8.152133005e-06
14.49729749 -8.152133024e-06
14.49729909 -8.152133028e-06
14.49730668 -8.152133032e-06
14.49730735 -8.152133035e-06
14.49728903 -8.152133021e-06
14.49728614 -8.152133014e-06
14.49726229 -8.15213296e-06
14.49726106 -8.152132968e-06
14.49727048 -8.152132981e-06
14.49727203 -8.152132982e-06
14.497261 -8.152132982e-06
14.49728601 -8.152133006e-06
14.49729247 -8.152133017e-06
14.49729844 -8.152133027e-06
14.49730939 -8.152133034e-06
14.4972878 -8.152133014e-06
14.4972775 -8.152132999e-06
14.49725104 -8.152132948e-06
14.49725437 -8.152132954e-06
14.49726188 -8.152132963e-06
14.49727054 -8.152132975e-06
14.49726779 -8.152132985e-06
14.49728338 -8.152133e-06
14.49728141 -8.152133005e-06
14.4972836 -8.152133012e-06
14.49729848 -8.152133024e-06
14.49728822 -8.152133012e-06
14.4972815 -8.152133003e-06
14.49725235 -8.152132952e-06
14.49725076 -8.152132955e-06
14.49724921 -8.152132955e-06
14.49726344 -8.152132971e-06
14.49727196 -8.152132992e-06
14.49728516 -8.152133011e-06
14.497294 -8.15213302e-06
14.4972924 -8.152133021e-06
14.4972919 -8.152133023e-06
14.49728951 -8.152133019e-06
14.49729401 -8.152133022e-06
14.49728574 -8.152133011e-06
14.49727134 -8.152132995e-06
14.49727064 -8.152132991e-06
14.49728267 -8.152133002e-06
14.49729135 -8.152133009e-06
14.4972825 -8.152133001e-06
14.49727675 -8.152133001e-06
14.49729633 -8.152133022e-06
14.49729586 -8.15213303e-06
14.49729518 -8.152133032e-06
14.49731983 -8.152133065e-06
14.49731089 -8.152133041e-06
14.4973001 -8.152133029e-06
14.49729607 -8.152133017e-06
14.49728603 -8.152133006e-06
14.49727956 -8.152132997e-06
14.49728061 -8.152132993e-06
14.49727787 -8.152132998e-06
14.49729667 -8.152133021e-06
14.4972974 -8.152133035e-06
14.49730034 -8.152133041e-06
14.4973192 -8.152133066e-06
14.49731564 -8.152133062e-06
14.49731117 -8.152133054e-06
14.49729982 -8.152133033e-06
14.49729138 -8.152133017e-06
14.49728158 -8.152133008e-06
14.49728341 -8.152133008e-06
14.4972875 -8.152133014e-06
14.49730802 -8.152133037e-06
14.49731645 -8.152133054e-06
14.49731079 -8.152133047e-06
14.49730667 -8.152133045e-06
14.49731766 -8.152133056e-06
14.49730692 -8.152133043e-06
14.49729161 -8.152133026e-06
14.49729531 -8.152133023e-06
14.49729283 -8.152133017e-06
14.49729141 -8.152133013e-06
14.49729141 -8.152133015e-06
14.49730313 -8.152133032e-06
14.49731234 -8.152133044e-06
14.49729954 -8.152133028e-06
14.49728631 -8.152133013e-06
14.49730738 -8.15213304e-06
14.49729796 -8.152133025e-06
14.49729167 -8.152133016e-06
14.49728933 -8.152133016e-06
14.49728315 -8.15213301e-06
14.49728705 -8.15213301e-06
14.49728235 -8.152133007e-06
14.49727921 -8.152133008e-06
14.49729383 -8.152133022e-06
14.49729437 -8.152133021e-06
14.49728721 -8.152133013e-06
14.49729152 -8.152133014e-06
14.49728199 -8.152133007e-06
14.49728227 -8.152133007e-06
14.4972901 -8.152133017e-06
14.49729477 -8.152133023e-06
14.49730202 -8.152133031e-06
14.49729579 -8.152133022e-06
14.49728807 -8.152133015e-06
14.49729908 -8.152133029e-06
14.49730477 -8.152133036e-06
14.49729425 -8.152133028e-06
14.49727981 -8.152132992e-06
14.49727698 -8.152132991e-06
14.49727408 -8.152132996e-06
14.49728077 -8.152133008e-06
14.49729534 -8.152133024e-06
14.49730637 -8.15213304e-06
14.49729968 -8.152133037e-06
14.49730292 -8.15213304e-06
14.49730961 -8.152133048e-06
14.49730851 -8.152133039e-06
14.49729494 -8.152133025e-06
14.49726219 -8.152132969e-06
14.49726595 -8.152132974e-06
14.49726922 -8.152132981e-06
14.49726756 -8.152132981e-06
14.49727278 -8.152132992e-06
14.4972941 -8.152133019e-06
14.49729409 -8.15213303e-06
14.4973026 -8.152133037e-06
14.49730107 -8.152133036e-06
14.49728855 -8.152133021e-06
14.49728481 -8.152133012e-06
14.49725429 -8.152132957e-06
14.4972538 -8.152132961e-06
14.49726191 -8.152132971e-06
14.49726267 -8.152132968e-06
14.49725819 -8.152132969e-06
14.49728627 -8.152132999e-06
14.4972882 -8.152133013e-06
14.49728587 -8.152133017e-06
14.49728936 -8.152133022e-06
14.49728603 -8.152133016e-06
14.49729414 -8.152133013e-06
14.49725764 -8.152132954e-06
14.49726166 -8.152132957e-06
14.4972591 -8.152132963e-06
14.49726473 -8.152132967e-06
14.49726447 -8.152132974e-06
14.49728384 -8.152133e-06
14.49728353 -8.152133011e-06
14.49728621 -8.152133013e-06
14.49730128 -8.152133026e-06
14.49729156 -8.152133022e-06
14.49729044 -8.152133015e-06
14.49725581 -8.152132956e-06
14.49725965 -8.152132964e-06
14.49725095 -8.152132961e-06
14.49726567 -8.152132971e-06
14.49728093 -8.152132992e-06
14.49729787 -8.152133019e-06
14.49729961 -8.152133028e-06
14.4972982 -8.152133023e-06
14.49730168 -8.152133029e-06
14.49729026 -8.152133029e-06
14.49729376 -8.152133023e-06
14.49728487 -8.152133008e-06
14.49726671 -8.152132988e-06
14.49727304 -8.152132993e-06
14.49729771 -8.152133013e-06
14.49729459 -8.152133015e-06
14.49727736 -8.152133002e-06
14.49728019 -8.152133011e-06
14.49730709 -8.15213304e-06
14.49730536 -8.152133046e-06
14.49730397 -8.152133046e-06
14.49732462 -8.152133071e-06
14.49730852 -8.152133044e-06
14.49729542 -8.152133018e-06
14.49728303 -8.152133005e-06
14.49728508 -8.152133003e-06
14.4972683 -8.152132989e-06
14.49727034 -8.152132984e-06
14.49727765 -8.152132999e-06
14.49729661 -8.152133027e-06
14.49730677 -8.152133043e-06
14.49731887 -8.152133057e-06
14.49733626 -8.152133083e-06
14.49732589 -8.15213307e-06
14.4973116 -8.152133047e-06
14.49728559 -8.15213302e-06
14.49728956 -8.15213301e-06
14.49726885 -8.152132989e-06
14.49727215 -8.152132986e-06
14.4972851 -8.152133008e-06
14.49730216 -8.152133032e-06
14.49731099 -8.152133046e-06
14.49731584 -8.152133055e-06
14.4973245 -8.152133066e-06
14.49732269 -8.152133064e-06
14.49730508 -8.152133043e-06
14.49728783 -8.152133021e-06
14.49729859 -8.152133018e-06
14.4972804 -8.152132998e-06
14.49727817 -8.152132992e-06
14.49729023 -8.15213301e-06
14.49729983 -8.152133026e-06
14.49729568 -8.152133033e-06
14.49729425 -8.152133032e-06
14.49730196 -8.152133031e-06
14.49730312 -8.152133043e-06
14.49729031 -8.15213302e-06
14.49728472 -8.152133007e-06
14.4972894 -8.152133012e-06
14.4972792 -8.152133004e-06
14.4972801 -8.152133001e-06
14.4972835 -8.152133005e-06
14.49728094 -8.152133006e-06
14.49728274 -8.152133015e-06
14.49729426 -8.152133025e-06
14.49729908 -8.152133023e-06
14.49729318 -8.152133018e-06
14.49728121 -8.152132999e-06
14.49727928 -8.152132998e-06
14.49729521 -8.152133017e-06
14.49729871 -8.152133027e-06
14.49729957 -8.152133029e-06
14.49729917 -8.152133026e-06
14.4972945 -8.152133023e-06
14.49729727 -8.152133028e-06
14.49730365 -8.152133032e-06
14.49729544 -8.152133026e-06
14.4972807 -8.152132996e-06
14.49728027 -8.15213299e-06
14.49728154 -8.152132995e-06
14.49728855 -8.152133008e-06
14.49729305 -8.152133022e-06
14.49730069 -8.152133033e-06
14.49730675 -8.152133041e-06
14.4973195 -8.152133055e-06
14.49731676 -8.152133051e-06
14.49730204 -8.152133029e-06
14.49728365 -8.152133018e-06
14.49726518 -8.152132976e-06
14.49727218 -8.152132982e-06
14.49727717 -8.152132989e-06
14.49727122 -8.152132983e-06
14.4972743 -8.152132989e-06
14.49729086 -8.152133012e-06
14.49729625 -8.15213303e-06
14.49731402 -8.152133047e-06
14.49730766 -8.152133043e-06
14.49729613 -8.152133025e-06
14.49729606 -8.152133026e-06
14.49725696 -8.152132967e-06
14.49726494 -8.152132974e-06
14.49727273 -8.152132984e-06
14.49726857 -8.152132973e-06
14.49726127 -8.152132968e-06
14.4972788 -8.152132993e-06
14.49728876 -8.15213301e-06
14.49729157 -8.15213302e-06
14.49729107 -8.152133028e-06
14.49729987 -8.152133033e-06
14.49731581 -8.152133041e-06
14.49725589 -8.152132964e-06
14.4972708 -8.152132972e-06
14.49726983 -8.152132976e-06
14.49726803 -8.152132969e-06
14.49725917 -8.152132965e-06
14.49727455 -8.152132991e-06
14.49728805 -8.152133008e-06
14.49728747 -8.152133012e-06
14.49730317 -8.152133029e-06
14.49730487 -8.152133037e-06
14.49730029 -8.152133031e-06
14.4972626 -8.152132967e-06
14.49727078 -8.152132975e-06
14.49726137 -8.152132971e-06
14.49725965 -8.152132969e-06
14.49726395 -8.152132976e-06
14.49728533 -8.152133004e-06
14.49729145 -8.152133015e-06
14.49728212 -8.152133005e-06
14.49729877 -8.152133018e-06
14.49730583 -8.152133034e-06
14.4973044 -8.152133028e-06
