5 19.5749521
7 19.5783096
3 20.2231028
13 19.6575117
9 19.7935081
11 19.8453069
0 21.4563431
294 19.5588799
298 19.7984903
300 19.8634711
289 21.1976499
583 19.5111522
15 19.5691984
587 19.8390877
589 19.8469014
872 19.4827229
578 20.7674399
296 19.5599101
302 19.6819305
304 19.5617164
878 19.8407399
292 20.1275919
1161 19.4920342
867 20.1951968
593 19.5630927
1156 19.7757817
591 19.6484071
581 19.9066404
882 19.6155259
1445 19.4900451
880 19.6456809
870 19.6732773
876 19.8527779
1171 19.6155018
585 19.5578627
1169 19.6190689
1159 19.5372093
1167 19.8270986
1165 19.8589048
1450 19.5358782
1734 19.3967271
1460 19.6028585
1454 19.8541288
874 19.6055751
1739 19.6037887
1456 19.7737706
1458 19.5778001
1448 19.4586077
1743 19.8703634
1163 19.6929439
2028 19.7083045
1745 19.7064499
2032 19.8475228
1737 19.4654325
2317 19.7906702
2034 19.6529267
2023 19.4557587
1749 19.6396231
2606 19.8352562
1747 19.5456834
2323 19.5884043
2026 19.5444374
2321 19.78525
2038 19.7036849
2895 19.8215594
2612 19.5915278
2036 19.5669463
1452 19.7536751
2327 19.7438305
3184 19.7327709
2325 19.614854
2312 19.5937339
1741 19.8393018
2616 19.7915793
2614 19.6593564
2901 19.5760511
2610 19.724812
2315 19.6345894
2601 19.6789367
2030 19.8244355
2899 19.6349221
2604 19.7530698
2319 19.8228207
2890 19.7295284
3473 19.6747169
2905 19.8538369
3188 19.5965679
3190 19.626411
2893 19.8092007
3179 19.743272
2903 19.6737282
3477 19.5884997
3762 19.6174735
3182 19.8206998
3479 19.6623278
2608 19.7707328
3194 19.8580471
3768 19.7032343
4051 19.5850615
3192 19.7495199
3483 19.8248157
3468 19.7023136
4340 19.6123767
3481 19.7932975
4057 19.7295634
2897 19.7405977
3766 19.6001532
3471 19.7284295
3772 19.8272989
3770 19.7813194
3186 19.6921286
3757 19.6175406
4629 19.6585107
4055 19.6481934
3475 19.6389875
3760 19.6403996
4046 19.6088069
4061 19.7751596
4344 19.666784
3764 19.6125964
4059 19.8066068
4346 19.7446691
4049 19.5965175
4335 19.5861673
4633 19.7090509
4338 19.6214785
4635 19.7646291
22 19.6348895
4624 19.6280901
26 19.8318174
4627 19.6343809
28 19.8669806
311 19.5945062
4350 19.7519722
4348 19.8139051
317 19.9310134
600 19.5396868
4053 19.6106485
4639 19.6579601
4637 19.7662008
889 19.5139482
17 21.2293518
32 19.5801794
30 19.6468258
4342 19.6645775
315 19.8377138
20 20.1662907
606 19.8593471
306 21.0250489
4631 19.7210749
321 19.6079786
604 19.8396011
319 19.6810472
309 20.0747777
24 19.5940698
595 20.6561461
893 19.8716588
1178 19.4975476
598 19.9003001
313 19.5786865
884 20.1506154
895 19.8106682
1182 19.8682188
887 19.6509872
602 19.5839092
1467 19.5538759
608 19.6935186
610 19.6037063
1176 19.5289931
891 19.6129798
1756 19.6626882
897 19.6495758
1465 19.4339126
2045 19.7389059
1184 19.8137183
1471 19.8616875
1173 19.7308902
1186 19.6272416
1180 19.6954751
1754 19.4587567
1473 19.7653418
899 19.6101623
1462 19.4782925
1475 19.5922661
1762 19.7344341
1760 19.8851261
2043 19.5641944
1188 19.6022811
1751 19.3824657
2334 19.8160658
2051 19.6965414
2049 19.8660803
1469 19.7612489
1477 19.6187498
2040 19.4301919
2338 19.8270945
1758 19.8376151
1766 19.6457957
2623 19.8441128
1764 19.553939
2332 19.6798932
2047 19.8578452
2912 19.8424432
2053 19.5976148
2340 19.6478922
2621 19.7768052
2627 19.8000876
2336 19.8816779
2329 19.5264479
3201 19.7229434
2342 19.6130023
2055 19.7074923
2910 19.7971666
2629 19.6573448
2631 19.6497103
2618 19.6791498
3199 19.7915309
2916 19.7038898
2918 19.6305179
2344 19.7443937
2907 19.7278836
3490 19.6713828
2625 19.8368786
3205 19.6199236
3207 19.6667652
2633 19.803083
3196 19.7586466
2920 19.6763474
3494 19.6334058
2914 19.7612111
2922 19.8569784
3779 19.6131717
3488 19.7055419
3203 19.693241
3209 19.7569639
3783 19.6581195
4068 19.6027426
3777 19.6267503
3496 19.7234607
3485 19.7004551
3498 19.7956085
3492 19.6632208
3211 19.8782254
4357 19.615925
4066 19.5978785
3785 19.7297776
3787 19.7797094
4355 19.6006796
3774 19.6288443
4072 19.6614657
4074 19.7534273
4646 19.6508599
4644 19.6593295
4063 19.6048348
4361 19.6749725
4363 19.7600446
3781 19.6629492
4076 19.7895245
3500 19.8468219
4352 19.5927665
37 20.0551652
4650 19.7472581
4070 19.6459958
3789 19.8175345
39 19.5808689
4652 19.764624
43 19.8272398
4359 19.6839563
4078 19.77257
328 19.5892497
332 19.841192
4365 19.8302161
4641 19.6273385
4648 19.7088571
4367 19.754284
617 19.5692806
326 19.9486114
621 19.8770246
45 19.847224
910 19.8732324
615 19.8105586
34 20.7118213
334 19.8812685
4654 19.7643284
906 19.5386323
904 19.6278306
323 20.6072917
41 19.6468516
623 19.8716163
4656 19.6902354
47 19.6375683
1193 19.5165229
612 20.2773293
336 19.6507939
1199 19.8899901
330 19.6475474
49 19.6187314
1195 19.5606126
912 19.8424806
619 19.6482566
338 19.6256101
1484 19.5999362
625 19.6331255
1488 19.9534914
908 19.6569549
627 19.6269586
901 19.9384082
1773 19.7210128
1482 19.4696982
1777 19.9248211
1201 19.8025827
1771 19.4939918
2066 19.8780739
1190 19.6594857
1490 19.789764
914 19.6044442
1197 19.6923959
2060 19.597741
2062 19.7812866
916 19.6079824
1479 19.4543911
1779 19.7769701
1203 19.6341018
2349 19.7096676
1768 19.3837919
2355 19.8429033
1486 19.7817268
1492 19.6333856
1205 19.5961439
2351 19.8624905
2068 19.7295831
1775 19.854301
1494 19.6443984
2640 19.8764178
2644 19.7814857
1781 19.6155837
2064 19.8920325
1783 19.6562516
2638 19.7932089
2933 19.7048434
2929 19.8263694
2057 19.4533213
2357 19.66486
3222 19.6413858
2927 19.7860214
2646 19.6574399
2072 19.7200302
2346 19.5698358
2070 19.6349755
3218 19.7397966
3216 19.7596842
2353 19.9297718
2935 19.6173992
2635 19.6666878
2359 19.6301608
3511 19.6612608
3505 19.6978277
2924 19.7691764
2361 19.7930469
2648 19.6468537
3224 19.7087533
2642 19.8976326
3213 19.7818332
3507 19.7087958
2650 19.8294683
2931 19.7832865
3800 19.6708654
3502 19.7149105
2937 19.720496
2939 19.8625422
3220 19.6882583
4089 19.7206059
3794 19.6340833
3791 19.6356524
3513 19.7173022
4378 19.7272079
3228 19.914053
3796 19.6257163
4083 19.5908105
3802 19.7614356
3226 19.78593
3509 19.6513477
4085 19.6170343
4372 19.5714708
4080 19.588058
4091 19.7572849
3515 19.8329834
4667 19.726696
4374 19.6201317
4661 19.6215265
4380 19.7888855
3517 19.9109228
3804 19.817037
3798 19.6438807
4369 19.5983106
4663 19.668546
3806 19.8417372
4087 19.6552709
60 19.8968108
4093 19.8134052
4658 19.6485403
4095 19.7711192
4376 19.6998356
349 19.8960282
54 19.8353257
4669 19.7449847
51 20.1778276
4665 19.7133944
638 19.9333505
4384 19.713718
56 19.5751141
343 19.7656218
62 19.8920721
58 19.6771569
927 19.8975223
4382 19.8041609
632 19.6971394
351 19.8920912
347 19.6997157
1216 19.8876039
921 19.6395672
340 20.1734039
640 19.8841345
4673 19.6964715
345 19.5912135
636 19.7167017
929 19.8496905
1210 19.557307
629 19.9741276
66 19.612683
1505 19.9203065
4671 19.7773148
634 19.5918202
918 19.763319
355 19.627291
923 19.5814044
64 19.6611093
1218 19.7873342
1207 19.5592401
925 19.7132417
644 19.6603272
1212 19.6101552
1794 19.9121168
353 19.6653155
1499 19.5070273
1214 19.7692579
2083 19.8223636
642 19.6456428
1788 19.5752716
1507 19.7660447
1503 19.8080152
2372 19.7897999
2077 19.6683061
1796 19.7672255
1496 19.4607053
1792 19.8626672
933 19.6069205
1501 19.6507084
2661 19.7164121
2366 19.7687508
2085 19.7195811
1222 19.6128393
931 19.6000727
2950 19.664527
2655 19.8384279
2374 19.6801058
1511 19.6378976
1220 19.6432404
2663 19.6244549
2944 19.8288663
1785 19.4322495
2081 19.9081546
1800 19.7062094
1790 19.7720601
1509 19.6611466
2074 19.511554
2370 19.9245823
1798 19.6188172
3239 19.6472306
2079 19.8385477
2952 19.6594193
2089 19.7666726
3233 19.7762993
2363 19.6669948
2659 19.8645545
3528 19.6561507
2368 19.9108725
2652 19.7347683
2948 19.7760662
2657 19.884642
3817 19.6814667
3522 19.7201501
3241 19.7013607
2378 19.8279751
2087 19.6526622
3811 19.668978
3530 19.7377582
4106 19.7235917
2667 19.8476931
4100 19.5653928
2376 19.6584311
3819 19.7726084
2941 19.8215142
3237 19.6885292
2956 19.8816823
2665 19.6791623
2946 19.816717
3526 19.6563257
3230 19.7744991
4108 19.785572
2954 19.7338775
4389 19.5893093
4395 19.7841032
3235 19.7518925
3815 19.6909706
3519 19.7273763
3245 19.9192461
3524 19.6850121
4684 19.7752239
4104 19.6839743
3808 19.6074141
4397 19.8370222
3813 19.6147346
4678 19.6411949
77 19.9242183
3534 19.9007265
3243 19.8207655
4686 19.8072196
71 19.6534279
366 19.9280377
3823 19.8533616
79 19.8800403
360 19.654715
4393 19.6814229
3532 19.854496
4102 19.5967708
4097 19.5676432
4112 19.7955907
368 19.887436
4391 19.6296556
4682 19.7226489
4401 19.7315547
657 19.856656
655 19.9412591
649 19.6287934
75 19.7480064
4690 19.6903781
4680 19.7026023
3821 19.8541271
946 19.8254104
944 19.9670448
4386 19.5900653
364 19.7763933
83 19.6185553
1233 19.9506482
938 19.6233667
4110 19.8281385
4675 19.6332385
1227 19.5825878
1522 19.8966566
4399 19.7955924
73 19.6300091
68 19.836477
1235 19.7781139
1516 19.5936132
372 19.6244844
362 19.5970963
4688 19.7498121
653 19.7882407
357 19.8456106
1805 19.6395849
1524 19.7469838
651 19.6344438
661 19.647835
646 19.6928499
1811 19.872618
1813 19.7021394
940 19.6538085
950 19.6585406
2102 19.6510086
81 19.6588305
2100 19.8184771
942 19.7959747
1239 19.6656348
2094 19.7032212
1229 19.7007979
370 19.6964603
935 19.6062255
2389 19.7656661
1231 19.8032493
2383 19.8200308
1528 19.7242045
659 19.673729
2391 19.6491428
1520 19.851403
2672 19.8761738
1817 19.7577454
948 19.6797272
1518 19.7202452
1809 19.9151482
2961 19.8491785
2106 19.7650457
2678 19.6820722
1237 19.6616876
1224 19.5126157
1807 19.803852
3250 19.7884572
2395 19.8226521
2680 19.6267804
2967 19.6380912
2096 19.8992076
3539 19.7257165
2684 19.8739811
3256 19.6191767
2098 19.9438616
2385 19.9237619
1526 19.6406832
2973 19.8982969
2969 19.6454887
3828 19.6411488
3545 19.6305097
1513 19.491659
2387 19.9034162
2674 19.8751512
3258 19.7126389
1815 19.6455236
2676 19.8473537
2963 19.8056168
3547 19.7411818
2104 19.6467464
2965 19.7677479
1802 19.5229762
4117 19.6371996
3262 19.9296133
3836 19.7700938
2393 19.6621788
3834 19.6763127
3252 19.7649375
4406 19.6527086
2091 19.5844054
4125 19.8309719
4123 19.727631
4695 19.6932769
2380 19.7409492
4414 19.8544144
3254 19.6706819
3551 19.914874
4412 19.7825607
3541 19.6835428
88 19.5894912
2682 19.717522
3543 19.6460097
4703 19.8109407
3830 19.6567829
3840 19.8651427
2669 19.8176598
4701 19.794807
3832 19.6865797
2971 19.7911196
4119 19.6634108
4129 19.8181542
4121 19.7320167
3260 19.8501928
377 19.6019808
4418 19.7169031
2958 19.8021883
96 19.9041522
3549 19.8545675
666 19.6267611
4408 19.652551
94 19.9787321
3247 19.7639984
385 19.8643033
955 19.6402881
383 19.92964
3536 19.6678284
4410 19.7242042
674 19.8115424
4707 19.6217547
1244 19.6693069
672 19.9290777
4697 19.7159471
3838 19.867122
4699 19.7551261
90 19.6697233
100 19.6429726
3825 19.6041095
963 19.7960087
92 19.8432924
4127 19.8734876
961 19.9703764
379 19.6754365
389 19.6452661
1533 19.6833689
4416 19.8149619
381 19.8782981
678 19.6684499
668 19.6990605
4114 19.5910236
4705 19.7284543
1822 19.7649779
1250 19.9392579
4403 19.6185373
1252 19.7688998
967 19.699357
1539 19.9083075
2111 19.8235265
670 19.8757904
4692 19.6660599
1541 19.736276
957 19.7368291
1828 19.8807988
2400 19.8674729
1830 19.7131351
98 19.6966311
959 19.855884
85 19.621053
1246 19.8025232
1256 19.7041307
2117 19.8062879
2119 19.6541618
1248 19.9636103
1535 19.8317641
1545 19.7318793
387 19.7052741
1537 19.9851886
1824 19.9567516
1834 19.7614331
2689 19.9092257
676 19.6889839
374 19.6264728
2113 19.9645627
2406 19.728225
2123 19.790146
2408 19.6673986
2978 19.8661261
965 19.6849894
2402 19.9225893
2695 19.6664757
3267 19.7900983
1826 19.9772513
2697 19.661445
2691 19.870381
2984 19.6301703
663 19.5785921
3556 19.7035754
2986 19.6655134
2412 19.8094113
2115 19.9604398
3273 19.5979111
952 19.5570156
1254 19.6654407
3275 19.6954706
2404 19.8747725
2701 19.8754083
1241 19.5255536
2980 19.8246194
1543 19.6663479
2693 19.7998387
3845 19.6659551
2990 19.8949109
1832 19.6852584
3562 19.6402021
3269 19.7394617
1530 19.5790137
4134 19.6545157
2121 19.6901229
3564 19.7648973
3558 19.654319
3851 19.6835647
3279 19.9172556
4423 19.6846421
2982 19.7379907
3853 19.7979703
3847 19.6767902
4140 19.7641871
1819 19.651323
4142 19.8294161
3271 19.6878878
4429 19.7799143
4712 19.720935
2108 19.7275858
3568 19.8965559
2410 19.7073382
3560 19.6808716
4431 19.8420725
3857 19.8334163
2397 19.8151752
4136 19.6831194
2699 19.7529234
3849 19.6976375
2686 19.8267192
4146 19.8013794
2988 19.8064968
4138 19.7491111
105 19.6427249
4435 19.7045227
3277 19.8265891
4720 19.8028364
4718 19.7902236
2975 19.7879122
394 19.6622566
4425 19.6869838
3566 19.852957
4427 19.7643956
683 19.7085533
4714 19.7390777
113 19.8193739
3855 19.8742947
4724 19.6149363
107 19.7659558
3264 19.7304071
972 19.7207861
402 19.8355576
4144 19.8532185
111 19.9942028
396 19.7721638
3553 19.6644081
4433 19.8146875
117 19.6466072
685 19.8031894
3842 19.6090478
691 19.7954654
4722 19.7177211
406 19.6744791
4716 19.7871583
1261 19.7667588
4131 19.6017114
974 19.8449984
115 19.6981357
695 19.6833789
400 19.9538826
4420 19.633072
1550 19.8283184
404 19.7048525
4709 19.6900228
109 19.8982836
689 19.9105176
984 19.7204593
1839 19.9058335
980 19.7651642
978 19.8997902
398 19.9344486
1263 19.9042463
2128 19.9210988
1269 19.7294485
1267 19.8816775
693 19.6896125
687 19.9298232
102 19.5734519
1552 19.9467212
1558 19.7011678
1273 19.7610836
1841 20.0087021
982 19.7067453
1562 19.75354
391 19.5805338
1847 19.6999026
976 19.9740226
2417 19.9292349
2130 19.9683915
1271 19.7069862
1851 19.7710399
680 19.5915649
1556 19.8543627
2706 19.9176123
1560 19.7031161
2140 19.8278703
969 19.5800831
1265 19.9891461
2995 19.8211575
1845 19.8302321
2136 19.6700581
2419 19.8923272
3284 19.7266964
1554 19.9976943
1258 19.6482754
2134 19.7243612
2425 19.6816287
1849 19.6908509
1843 20.0003103
2708 19.8646805
2429 19.8705798
2714 19.7152031
2423 19.6891077
2132 19.925185
2997 19.786876
2712 19.6660881
2138 19.7059597
3573 19.716941
2421 19.8112058
1547 19.7326893
3001 19.626531
2427 19.7701875
3286 19.7265359
2710 19.7618249
3862 19.6523271
3290 19.6363411
2716 19.7967745
3003 19.7340281
2718 19.8511609
4151 19.6223962
3005 19.8361037
3007 19.914161
1836 19.807415
3292 19.724877
4440 19.6888232
2999 19.6981109
3575 19.6868119
3296 19.9027907
2125 19.8620654
3581 19.7665068
3579 19.6654
3864 19.6955927
3585 19.8573657
2414 19.8811733
3870 19.7953561
3294 19.8462565
3868 19.7320055
3874 19.7990207
4153 19.710014
3288 19.6841172
4729 19.7169919
4157 19.7686273
4163 19.7259205
3583 19.8758934
2703 19.9030785
4446 19.7756045
122 19.76868
4442 19.7514083
4452 19.6724743
3872 19.8490935
4159 19.8236382
3577 19.6776527
411 19.7985889
4161 19.8162251
4448 19.8260555
2992 19.7728644
3866 19.7304316
700 19.7953098
4735 19.7932982
4731 19.7935634
3281 19.6955254
4737 19.7649677
4155 19.7952193
4741 19.6433972
124 19.8823003
3570 19.68027
130 19.817176
128 19.9226707
413 19.8620581
4450 19.7959658
134 19.6972937
3859 19.6478167
989 19.8388702
4444 19.7912097
417 19.9091777
702 19.9404968
423 19.740324
4739 19.7049098
706 19.8982923
991 19.9399627
419 19.8268801
712 19.7394931
132 19.6643845
1280 19.990104
1001 19.7828114
4148 19.6404158
708 19.7719111
421 19.6848223
4733 19.7887836
1278 19.8807723
995 19.8584043
1290 19.8160204
1569 20.0514444
4437 19.6652948
997 19.7366033
1567 19.9355213
1579 19.7998704
4726 19.735089
1286 19.7208943
126 19.9576776
1284 19.8710188
1856 19.9796589
119 19.6417457
710 19.7266858
415 19.9696913
1573 19.8362265
2145 19.9659782
1858 20.0477101
999 19.7393417
1862 19.768009
704 19.9573227
1868 19.8306356
2147 19.9319412
1288 19.7055442
1575 19.7073811
2436 19.8865421
408 19.6641934
1864 19.6999322
2157 19.9129706
1577 19.7224783
2151 19.7176213
2434 19.9334653
697 19.6905981
2153 19.6869817
2725 19.8242461
2446 19.9073312
993 19.9805777
2723 19.8496751
2442 19.6903183
986 19.7136751
2440 19.6746089
2735 19.8901654
1282 19.9975022
3012 19.7611039
1275 19.8000298
1866 19.7141427
2729 19.6354334
1571 19.9958415
3301 19.6681624
3014 19.7659059
2155 19.7935137
2731 19.7558602
3018 19.6230153
1860 19.9734468
3303 19.7113179
3024 19.8881318
2444 19.8290933
1564 19.8778846
3020 19.823839
3592 19.6819861
3313 19.8735697
3307 19.6418556
3590 19.6852377
3309 19.8150447
2733 19.8627119
2149 19.9060023
3881 19.6767313
1853 19.9575863
3602 19.8972266
3598 19.8352554
3879 19.6444519
2142 19.9733098
3596 19.7058737
3891 19.8276157
4168 19.6606782
2438 19.8165975
2431 19.9661962
3022 19.8657589
3885 19.7315021
4457 19.7172991
2727 19.7319664
4170 19.687827
3887 19.8095187
3311 19.8591781
4174 19.7767469
3016 19.6883898
4459 19.7626397
3600 19.8732318
4180 19.7406562
4176 19.816277
4748 19.7808501
2720 19.8988887
4469 19.6867391
4746 19.7627965
4463 19.803351
3889 19.8013371
4465 19.7970351
3305 19.6606578
3009 19.8257916
141 19.9954165
4758 19.6477916
139 19.9386835
4754 19.7566246
3298 19.696622
4752 19.7766894
3594 19.6942238
428 19.9607604
151 19.7816534
3587 19.6587149
4178 19.7835112
3883 19.7169944
145 19.9093793
717 19.9831894
430 20.0022997
4467 19.6998749
147 19.7707229
4172 19.7341915
434 19.9361393
719 19.9761516
4756 19.668257
440 19.7751466
3876 19.6467568
436 19.757567
1008 20.0269922
1006 20.0172252
4461 19.7949361
729 19.7905921
149 19.6654773
723 19.9123622
725 19.7220672
4165 19.672844
1297 20.0235778
1018 19.8309275
1014 19.7174672
4454 19.6945812
1295 20.0452235
4750 19.8048258
1307 19.8456605
1012 19.8661461
4743 19.7205739
438 19.7093138
1584 20.0102355
143 20.0262513
1301 19.8120805
727 19.7136445
1303 19.7423994
1586 20.0595926
1873 20.0006349
1590 19.8062962
432 19.9890499
1016 19.7417722
1875 20.0151613
1596 19.8230247
136 19.8219169
1592 19.714344
2164 19.9631809
1879 19.7603624
1885 19.8872215
721 19.9794061
1881 19.7100306
1305 19.7183103
425 19.7853896
2453 19.8700669
2162 19.9820139
2174 19.894085
2170 19.7115153
714 19.8476668
2451 19.9139914
2463 19.9407816
2168 19.7268535
1010 19.9347052
1003 19.892816
1594 19.7270519
2740 19.8332571
2459 19.7310623
2457 19.6768044
1299 19.9315985
2742 19.7921943
1883 19.7592951
2746 19.6548687
1588 19.979246
3029 19.7693477
2172 19.8065433
3031 19.7128875
2752 19.9294634
2748 19.7973396
1292 19.9394372
2461 19.9105997
3320 19.7093037
3041 19.9317536
3035 19.6939465
1877 19.9270753
3037 19.8487193
2750 19.9282128
3609 19.6842663
3330 19.8658215
3318 19.6872556
3326 19.8520379
3039 19.8690672
3619 19.8867446
3607 19.6752868
1581 19.9972489
3324 19.7301494
2166 19.8653824
3615 19.8275298
3896 19.6622141
3328 19.8579366
2455 19.7685969
3613 19.7547867
1870 20.0341763
3898 19.6843393
2744 19.7053729
3902 19.7720977
2159 19.9848608
3908 19.8086267
4185 19.7293953
4187 19.7130028
3904 19.7869833
2448 19.9525446
4191 19.8061801
4476 19.7161394
4197 19.7511828
3617 19.8647087
3033 19.6713017
2737 19.8621971
4193 19.7825872
4765 19.7774936
4486 19.720486
3026 19.7586538
4482 19.7467902
4474 19.7627392
158 20.0778043
4775 19.6775412
4480 19.8124566
3315 19.6805605
4771 19.7330068
3906 19.7997713
3322 19.6723302
447 20.0226655
4769 19.8132659
3604 19.679685
4195 19.7679468
736 20.0094504
3611 19.688269
4763 19.7744858
162 19.8482788
168 19.8250715
4484 19.6962396
3900 19.7074746
164 19.7514408
156 20.1255268
451 19.8568847
4189 19.7651781
457 19.8324548
3893 19.6886668
445 20.1385153
453 19.7239763
1025 20.0098358
4773 19.6852666
746 19.8432837
4182 19.7139253
742 19.7194702
1035 19.8796355
1314 20.0435364
734 20.1332331
740 19.8486706
4471 19.7533992
1031 19.7222911
4478 19.8088566
1603 20.0111597
166 19.7258559
1029 19.8191263
455 19.7089753
4760 19.744805
4767 19.842361
1892 19.9621953
1023 20.137204
1318 19.719346
1324 19.8544694
1320 19.6915658
160 19.998126
744 19.7505687
1312 20.0939799
1607 19.7462657
1613 19.8635916
449 19.9942422
1601 20.0308938
153 19.9794751
1609 19.6958004
1033 19.7416123
2181 19.9162021
1902 19.9113906
442 19.9711615
1898 19.7146367
2470 19.8109263
1890 20.0008507
2191 19.944057
731 19.9999831
1896 19.7386649
2187 19.7291217
2759 19.7279724
1322 19.7258701
738 19.9571486
2185 19.6785456
1020 20.0452099
3048 19.7186885
1611 19.7580209
1027 19.8994556
2474 19.6924951
2179 19.9223929
2476 19.7751572
2480 19.8997084
1900 19.7644645
1316 19.8923787
2468 19.8333229
2763 19.6602115
1605 19.8905603
2769 19.9120115
1309 20.0506098
2757 19.7573127
2765 19.8576935
3337 19.7264593
2189 19.8581135
1894 19.8609665
1598 20.0615969
3054 19.8585209
3046 19.7137507
2183 19.8063723
1887 20.037655
3626 19.7111353
3343 19.8474484
3058 19.883992
3052 19.7228882
2472 19.7188062
3915 19.7140688
2176 19.9537569
2478 19.917992
2761 19.6763005
4204 19.7869754
3347 19.8672354
2767 19.9263871
3335 19.6816071
3632 19.8152615
3050 19.668858
3636 19.8029407
3056 19.9037745
3624 19.6911698
3341 19.743122
2465 19.8588635
3925 19.7687103
3921 19.8044834
3339 19.6847414
3913 19.709706
3630 19.7811995
4493 19.7637302
2754 19.7892808
4210 19.7506043
3919 19.7863717
3345 19.8612177
4782 19.8247895
3043 19.7248148
4202 19.7920997
4499 19.7106695
4208 19.786307
4214 19.7039144
3634 19.8478913
4788 19.690187
4491 19.7754874
3628 19.7085941
3923 19.8096161
181 19.7366752
4780 19.7754593
3917 19.7706934
4503 19.6899303
3332 19.6820769
175 20.0674495
4212 19.7545283
470 19.7459592
173 20.1586511
4497 19.7907464
4206 19.796383
3621 19.6668994
464 20.0536909
4786 19.7753924
4792 19.6908779
4495 19.8318748
3910 19.7054433
753 20.0297546
179 19.8227321
185 19.846215
4501 19.7107088
759 19.7176285
462 20.1846974
1042 20.0304749
474 19.8788419
4199 19.7809249
468 19.8300174
4784 19.8502905
751 20.155939
4790 19.6669684
1331 20.0051127
183 19.797066
1040 20.0977879
177 19.9692802
1620 19.9349141
763 19.856097
1048 19.7030225
472 19.8177927
4488 19.8016215
466 19.9342406
757 19.7838048
1329 20.0126288
1909 19.8823978
1337 19.7072849
755 19.8899253
4777 19.7597865
1046 19.7271994
761 19.7949365
1052 19.843397
1618 19.9707892
1626 19.7003019
2198 19.818098
1044 19.8260655
170 20.0800612
1335 19.693125
1050 19.7614026
1341 19.8511494
1907 19.9039665
1624 19.6908478
1339 19.7752906
1630 19.8579308
2196 19.8775042
1913 19.7055753
1628 19.8293838
1919 19.8914686
459 20.1000086
2487 19.753036
1915 19.7227205
1333 19.8162996
2485 19.7705629
2774 19.7201306
748 20.085426
1622 19.8370933
2204 19.7790557
1917 19.8472629
2202 19.6718268
2208 19.9483711
3063 19.7034451
1037 20.0420188
1911 19.8107406
2493 19.8273095
2776 19.7216974
3352 19.6958557
1326 20.0755342
2200 19.7633292
2491 19.7204938
2206 19.9043713
2497 19.9126182
2782 19.8509098
3065 19.7058041
2786 19.9010491
2780 19.7279123
2495 19.9428227
3354 19.726598
3075 19.8588879
3069 19.739649
2784 19.9218983
3641 19.7349999
1615 20.0537204
3071 19.8731645
2489 19.7300735
3643 19.7408296
3930 19.7658104
1904 19.9877871
3360 19.8697267
2778 19.6892855
3364 19.8267273
4219 19.8139614
3358 19.7490729
3073 19.8941659
3649 19.8224415
2193 19.8781569
3067 19.681231
4508 19.8513351
3932 19.8239085
3653 19.7999114
2482 19.8199301
3938 19.8062188
3356 19.7198327
3647 19.7961397
3362 19.8274495
4221 19.8665961
3942 19.7563727
3936 19.7987951
3651 19.8188124
4510 19.8452284
4231 19.7195311
4797 19.8322535
4225 19.7867754
3940 19.7870251
4227 19.7445641
2771 19.7445297
4799 19.8533864
3645 19.75074
190 20.1194573
4520 19.6945615
4516 19.7084449
3060 19.7065026
3934 19.8228078
4514 19.7644518
479 20.1445339
4229 19.7294752
4805 19.6678312
3349 19.709993
4223 19.864402
192 20.0333714
768 20.0962936
198 19.7915768
4809 19.6839152
3638 19.7160863
4803 19.7099209
4518 19.6857565
481 20.0292501
4512 19.8600537
202 19.8715907
487 19.7664643
4807 19.6687366
770 19.9776503
491 19.9054855
776 19.7492381
200 19.8834059
1059 19.9535645
1057 20.0359485
3927 19.7670124
780 19.8697679
4801 19.7805063
196 19.7633921
1346 19.9657357
4216 19.8174725
194 19.8803785
1065 19.7180124
485 19.7459635
489 19.8708589
1348 19.904726
1635 19.9176272
4505 19.810754
483 19.8908181
1069 19.8862985
774 19.7403017
1354 19.7258751
1924 19.8469365
778 19.8102171
4794 19.7813815
1637 19.9078786
1063 19.6922884
772 19.7988814
1358 19.8669663
1643 19.7638882
1067 19.8232949
1926 19.8519747
1647 19.8440296
1932 19.8032925
1356 19.8236608
2215 19.7672671
2213 19.825037
1936 19.8731885
187 20.065911
1061 19.7502818
1352 19.6686963
2502 19.779283
476 20.0663469
1350 19.7324592
2221 19.8284403
1641 19.6878361
1645 19.8301018
2504 19.7763518
2791 19.7380467
1639 19.770514
765 20.059282
2225 19.8755558
1930 19.7112732
2510 19.8535367
1934 19.8808261
3080 19.7091626
2793 19.753424
2219 19.7100394
1928 19.7870084
1054 19.993254
2514 19.8542814
2799 19.8531854
2223 19.8918529
3082 19.7631556
2803 19.8341936
3088 19.8515458
2512 19.9071253
3371 19.7799999
3369 19.7170277
3092 19.8151081
2217 19.7621771
1343 20.0071525
2508 19.7359121
3381 19.8082955
3658 19.7722765
2506 19.7358917
1632 19.9819881
3377 19.8732092
2801 19.8799909
3670 19.7970191
3947 19.83557
3660 19.797367
2795 19.7572828
1921 19.8893657
3959 19.7376302
3666 19.8385852
2797 19.783708
3090 19.8669405
4236 19.879305
3949 19.8417049
2210 19.7964137
3084 19.7352195
3955 19.7786481
3086 19.7833832
3379 19.8514741
4238 19.8975076
4248 19.705949
4244 19.7312074
3375 19.8148357
3668 19.7959728
4527 19.8488893
4525 19.8686096
3373 19.8035348
2499 19.7634174
3664 19.8389153
4537 19.6962188
4814 19.8561181
3662 19.8174207
2788 19.7380085
4533 19.6900436
4826 19.6753159
3957 19.7751713
3951 19.8533371
207 20.0297096
4816 19.8067489
3077 19.7317923
219 19.8837297
4822 19.6352875
3953 19.8030904
4246 19.7153811
209 19.9164753
3366 19.7271732
4240 19.8698395
508 19.9088404
496 20.0204259
215 19.8171637
4242 19.7806022
4535 19.7408298
498 19.9027287
504 19.8395217
4531 19.7515381
4824 19.693859
787 19.9312761
4529 19.8260443
3655 19.7865275
785 20.0071878
4820 19.6863813
797 19.9070104
1074 19.9504384
4818 19.7378421
3944 19.8706025
217 19.9177178
1086 19.8939318
793 19.78889
1363 19.8784743
4233 19.8581139
211 19.8119371
1375 19.8837968
1076 19.8466041
213 19.7936456
1082 19.7783861
506 19.923592
4522 19.8663938
1365 19.8253096
1664 19.8002119
1652 19.8446979
502 19.7698151
500 19.8550131
795 19.8548892
1371 19.7829668
1654 19.8101811
791 19.7427434
1084 19.8553449
1660 19.7471431
1943 19.8103396
4811 19.8181953
1080 19.7108438
1941 19.7852698
789 19.7776609
1953 19.8061391
2230 19.7621096
204 19.9853105
1078 19.7385102
2242 19.8260888
1373 19.8422775
2519 19.7367735
493 19.9662222
1367 19.7399046
2531 19.8334271
2232 19.7907174
1369 19.6871624
1949 19.79925
1656 19.7745566
782 19.9612361
2521 19.7776559
2808 19.767135
2238 19.8405377
2820 19.7976934
1662 19.7980321
1071 19.9248429
2810 19.788957
2527 19.8881755
1951 19.8596594
1360 19.9042985
1945 19.7757961
3099 19.8115091
1658 19.7298794
2816 19.8646628
2240 19.8550315
3097 19.7269847
2234 19.7926369
3105 19.861682
2529 19.8306184
3386 19.7809742
2523 19.7687661
3394 19.8533481
1649 19.8746206
3109 19.7842247
2818 19.8365879
3675 19.8119084
2812 19.8291037
3388 19.8716619
3683 19.8225095
3107 19.8166554
1947 19.7473269
3101 19.8352471
3972 19.7322392
3964 19.8853662
3677 19.8823833
1938 19.7889081
3396 19.8097475
3398 19.7778189
2236 19.778247
3966 19.8888449
2227 19.759778
3687 19.7635412
3390 19.8375824
2525 19.7940665
4261 19.6949711
4255 19.8376584
2516 19.7437031
4253 19.9067203
3976 19.6983281
2814 19.8428946
3685 19.8057178
2805 19.729472
4542 19.8906362
3679 19.8253376
4550 19.6724254
3974 19.7195777
4265 19.6918769
4544 19.8374589
4831 19.8472492
3968 19.8366089
4839 19.6085034
4263 19.6960355
3103 19.8454313
232 19.8795834
4257 19.8267829
4552 19.7205675
4833 19.8007672
3094 19.7568716
224 19.9350616
4554 19.6994141
3392 19.8517969
226 19.8293408
3383 19.7966501
4843 19.7097468
521 19.8862535
515 19.8175254
3681 19.8361371
3672 19.8487815
4546 19.7905028
236 19.9094913
513 19.9511851
4841 19.6683226
3970 19.7760892
802 19.8928099
4835 19.7101194
810 19.8560104
234 19.9677283
3961 19.8937273
525 19.8994598
804 19.8726741
228 19.7790372
1091 19.8841672
1099 19.8258958
523 19.9433458
517 19.77646
1388 19.8170079
4259 19.7710085
1093 19.8421242
4250 19.8955122
812 19.9174758
814 19.9005589
4548 19.7051972
1380 19.8405608
1382 19.8091835
4539 19.8553799
1103 19.8814602
806 19.7432681
4837 19.6575425
1677 19.7723539
1671 19.7919475
4828 19.7730422
1392 19.8138615
1669 19.8208014
230 19.8482929
1101 19.8724515
221 19.9141552
1095 19.7411163
1966 19.8324444
1958 19.7633217
1390 19.8625146
1681 19.7505524
1384 19.7577472
2255 19.8536922
2247 19.7651419
1679 19.7958333
1960 19.811136
519 19.7760723
1673 19.8133982
2544 19.8706812
1968 19.7907953
510 19.9129555
2249 19.7932737
1970 19.7625868
808 19.8042508
799 19.9015631
2538 19.8029347
2259 19.7474208
2833 19.8624952
2536 19.7688444
1097 19.7804578
1088 19.8843226
2548 19.7630806
2827 19.8474311
1386 19.7795713
1377 19.8604496
2257 19.8347397
2825 19.7873517
1962 19.817956
2837 19.7428663
3122 19.8360755
2546 19.83048
3114 19.8269703
3411 19.8320408
2251 19.8040451
3403 19.8605987
2835 19.823903
3126 19.7473629
3116 19.8631386
3700 19.7558719
2540 19.8242956
1666 19.8320008
1675 19.7629058
3405 19.894881
3124 19.8129099
2829 19.839337
3989 19.7240397
1955 19.7881758
3692 19.8895052
3694 19.9446834
3118 19.8953597
2244 19.8146435
3981 19.9112261
3415 19.7555825
3983 19.8996931
3407 19.8552735
2533 19.7790117
4270 19.9108954
4272 19.8583196
3413 19.7964928
4278 19.6737779
1964 19.7846499
3696 19.8259303
2822 19.7791338
3702 19.7944368
3704 19.7354216
4567 19.6271353
4561 19.820478
3111 19.8167811
3991 19.7397634
3993 19.6980341
2253 19.8288371
4856 19.6219408
4559 19.8572924
4282 19.7143447
2542 19.8334239
4280 19.6949
3985 19.8366299
249 19.956634
4569 19.6569105
2831 19.8418023
4850 19.7590725
4848 19.8199382
3400 19.8312132
4274 19.7696973
4571 19.7426524
4858 19.6707952
241 19.8498119
3120 19.8718853
4563 19.745436
3689 19.8984729
251 19.9288149
538 19.9156408
530 19.883778
540 19.9109027
243 19.8184062
4860 19.7560995
827 19.8865616
3409 19.8543445
819 19.8293934
829 19.8961688
3978 19.8976263
4852 19.7068822
253 19.8659291
1108 19.8495352
4267 19.8965328
245 19.7857978
1397 19.8565919
542 19.8649534
1118 19.8884099
3698 19.8454954
532 19.8301383
1116 19.8760195
4556 19.8368905
1686 19.8341688
831 19.8662706
1405 19.8345833
4845 19.7734028
534 19.765637
1975 19.783686
1120 19.8424669
3987 19.7837005
1694 19.8183412
238 19.8412432
1407 19.871644
4276 19.7310103
1983 19.8103892
527 19.8214561
821 19.8488437
1696 19.7887929
2264 19.8171507
823 19.791126
4565 19.6804147
2553 19.8601139
1110 19.8441442
1409 19.7932194
1112 19.8102256
816 19.867417
2842 19.8881288
2272 19.8331164
1399 19.8741277
1698 19.7615745
1985 19.8155778
1401 19.8358186
4854 19.618416
3131 19.9105744
1987 19.7152016
1690 19.8726775
2274 19.7841796
1105 19.8466495
2561 19.838446
2276 19.7105873
1979 19.8728225
1394 19.810226
2850 19.834265
1688 19.8378474
247 19.8313994
2565 19.7314581
1683 19.7902726
3139 19.8231543
3420 19.9114361
1977 19.8284009
536 19.8354431
1972 19.8206191
2268 19.9040856
3709 19.9077015
2563 19.8240603
2266 19.8581268
825 19.8510935
2555 19.8858035
3998 19.9106988
2852 19.7817752
2557 19.9160136
2854 19.698738
3428 19.8205469
1114 19.825827
2261 19.8185236
4287 19.9183194
3141 19.7926928
2846 19.8750231
3143 19.7361598
3717 19.7382098
3430 19.7971001
2844 19.9278383
3135 19.8646355
3432 19.747479
2550 19.8218679
1403 19.8312651
4006 19.7050727
2839 19.8591112
3721 19.7266897
4576 19.8395924
4295 19.6584981
1692 19.8396734
3133 19.9102153
3128 19.9170953
3719 19.6988082
4865 19.7774153
1981 19.8645509
3424 19.8598866
3422 19.9148442
4010 19.7326164
4008 19.6979615
2270 19.9315263
258 19.8342223
3711 19.9202584
4297 19.7042007
4584 19.6506732
3713 19.8082743
547 19.846091
3417 19.9041146
4299 19.7340143
4586 19.684504
4873 19.6615502
4002 19.7813818
2559 19.9072009
4588 19.7320637
4000 19.8795923
4875 19.6884864
266 19.9525755
4291 19.7501238
3706 19.9389078
4877 19.7704727
555 19.917376
836 19.8623741
2848 19.8769249
3995 19.906624
4580 19.7077639
268 19.8928813
844 19.8855771
4289 19.837228
270 19.8531128
4869 19.6499913
557 19.8539402
4578 19.7578085
1133 19.8846886
262 19.8246963
846 19.863792
4867 19.6962962
1422 19.8690198
3137 19.8454439
1125 19.8984054
559 19.8296829
551 19.8862127
4284 19.8698407
260 19.8245676
3426 19.8318342
1414 19.9218551
848 19.7982321
1135 19.8464016
1711 19.838333
549 19.8776918
3715 19.7835429
1703 19.8922535
1137 19.7691756
838 19.8903451
4004 19.7003241
1992 19.9043357
1426 19.7581901
4573 19.7968581
1424 19.8187067
2000 19.7765106
840 19.8834736
2281 19.9004873
1713 19.7677181
2289 19.799772
1715 19.6935005
4862 19.7417146
1129 19.9297928
1127 19.9154331
2002 19.7303623
2578 19.8073935
255 19.8440252
1418 19.8912962
4293 19.694687
544 19.8465647
1416 19.9217264
1707 19.8980166
2867 19.7948505
2004 19.6790118
2291 19.7390011
4582 19.6678433
2570 19.937525
1705 19.9223501
2293 19.6490602
4871 19.6184735
2859 19.8963744
1994 19.8953165
1996 19.903077
2582 19.6738449
264 19.8716847
2580 19.7608071
3148 19.9537427
3156 19.7967177
833 19.8654232
2871 19.6699304
2869 19.7537022
3445 19.7523033
2285 19.9606963
3437 19.9467747
1122 19.8487619
2283 19.961708
3158 19.7739121
3734 19.6839898
2574 19.9241609
1411 19.8385602
553 19.8753995
2863 19.9079555
2572 19.946238
3447 19.7373115
3160 19.6519522
1700 19.8371807
842 19.9004329
3152 19.8556125
4023 19.6895014
3726 19.9400674
2861 19.9346519
1131 19.8982403
3449 19.7011976
3150 19.9668505
4015 19.9262827
1420 19.8899426
3738 19.7292904
3439 19.9171667
1989 19.8132603
4304 19.8684784
3736 19.6930843
4312 19.6368571
4027 19.7297607
3441 19.854596
1709 19.875251
4025 19.6633101
4593 19.7931312
4601 19.6517359
2278 19.8621659
3730 19.7672944
4890 19.664677
4314 19.7001173
2567 19.878616
4019 19.7495896
3728 19.9167716
283 19.9003864
2856 19.8981318
1998 19.9208191
4308 19.72438
4017 19.8659331
4882 19.7436188
4316 19.7521834
4603 19.7129748
2287 19.9146406
3145 19.9385372
4306 19.8113618
275 19.863104
4605 19.7555973
2576 19.9602152
4595 19.7404185
564 19.9084932
4597 19.6931847
4894 19.7907017
2865 19.8554106
4892 19.72401
572 19.8895809
4884 19.6716991
3434 19.9476618
853 19.9440879
3154 19.8235686
4886 19.6524244
287 19.803423
277 19.861216
3723 19.9488698
3443 19.7474921
279 19.8958401
566 19.8912746
4012 19.8895809
3732 19.6862751
568 19.9182527
861 19.884487
285 19.8184557
855 19.9396477
1142 19.981072
4301 19.8467808
576 19.7975023
1150 19.8352973
1431 19.9796341
574 19.7797636
865 19.7338323
1144 20.0279817
4021 19.6715186
1439 19.8305829
857 19.9658654
863 19.7740497
1720 19.9787661
4590 19.7591176
1154 19.7279653
1728 19.7931682
2009 19.9705216
1443 19.682936
1146 19.9916553
1433 20.0647203
4879 19.7151062
2298 19.9525249
1732 19.6461888
4310 19.6619209
1152 19.7885282
1435 20.0022203
2017 19.745749
1722 19.9952877
2587 19.9677884
2021 19.6466785
1724 19.932228
1441 19.7834149
2011 19.9839898
272 19.9032573
2310 19.6305968
2013 19.9255738
2306 19.7341276
1730 19.7316514
561 19.935226
4599 19.6551225
2302 19.9584777
2019 19.6662192
2595 19.7546336
2876 19.9717458
2300 19.9656632
850 19.9123739
2591 19.9094113
2884 19.7255838
3165 19.9866726
2599 19.6331863
1139 19.8906342
4888 19.6184285
2589 19.9994949
3454 19.9381745
2888 19.6344982
2880 19.8672602
281 19.8881995
3173 19.685866
2878 19.9276181
3743 19.9218258
3177 19.6493241
2308 19.6826148
570 19.8973373
3167 19.9417477
3466 19.7069768
1428 19.8983974
2597 19.6895252
3169 19.8365851
3462 19.7189256
3755 19.7327688
4032 19.869134
2886 19.7105126
3458 19.7710397
3751 19.6928666
859 19.8770084
4044 19.7723709
3456 19.9277662
3747 19.7455872
3175 19.7231692
4040 19.6535369
4333 19.7859728
1717 19.9576329
4321 19.8164665
1148 19.9235906
4610 19.7594642
3745 19.9110919
2006 19.9510513
1437 19.9061939
4036 19.7422682
4899 19.727847
4329 19.6756291
4034 19.8218065
2295 19.9742258
3464 19.6811263
1726 19.8928939
4622 19.7584117
4323 19.7747067
3753 19.6828615
4325 19.7217824
2584 19.9711033
4618 19.6918742
4911 19.7705998
4 19.8386451
4042 19.6851881
4614 19.685091
4907 19.6816988
16 19.5706467
2015 19.9104116
4903 19.6615128
4331 19.7282684
4612 19.7338603
293 19.7547557
12 19.7705682
2873 19.9600219
305 19.5908189
2304 19.9115167
582 19.660827
4901 19.6798495
3162 19.950208
2593 19.9050023
871 19.516522
8 19.6707089
6 19.4975543
3451 19.9778291
4620 19.7259128
2882 19.8118301
594 19.6055704
301 19.786666
1160 19.4634505
295 19.4821431
297 19.6931088
1449 19.4666073
883 19.6296027
590 19.7230202
3740 19.9612085
586 19.6947595
1738 19.5000586
1172 19.6640172
879 19.7341323
4909 19.7422616
875 19.7242975
3171 19.7517239
1168 19.6999256
1461 19.6833965
14 19.5805624
584 19.4941127
4029 19.870288
2027 19.6200547
873 19.5135805
303 19.5760107
3460 19.7038984
4318 19.7775508
1162 19.6085561
1164 19.7681215
592 19.5652285
3749 19.6542551
4607 19.7375908
2316 19.7336052
1750 19.7228696
1457 19.6662183
1451 19.6354582
2605 19.7957646
1453 19.8218996
2039 19.7890118
1746 19.6275172
4038 19.6015433
4896 19.7069626
2894 19.8306938
1742 19.882977
2035 19.5716112
2328 19.8120444
881 19.615706
2031 19.8748849
1740 19.7395754
2324 19.5499889
2617 19.8182124
1170 19.6019677
1 21.1920766
3183 19.7904045
2029 19.7808695
4327 19.6026883
2906 19.8943011
1459 19.5913671
290 21.0509577
4616 19.6315026
2318 19.8286975
1748 19.5981877
2320 19.8250669
3472 19.7283439
2613 19.5890672
579 20.5317782
4905 19.6082796
2607 19.8176274
3761 19.6247094
3195 19.9084781
10 19.8388953
2609 19.7484866
2902 19.6091137
4050 19.5623065
299 19.8536589
2898 19.660897
2037 19.6156458
3191 19.6809947
588 19.882723
2896 19.7697596
868 20.1141501
3187 19.6489858
2326 19.6486892
4339 19.578002
3480 19.717727
3484 19.8916279
3476 19.6073365
3185 19.6932322
2615 19.7313066
1157 19.7296957
3773 19.8150351
1446 19.5219304
3474 19.6731199
2904 19.7919995
4628 19.6031813
877 19.8742041
4062 19.7930776
1735 19.4126229
3769 19.738876
21 19.8357413
3763 19.6154817
3765 19.6101982
1166 19.8799675
4351 19.7551144
4058 19.7693603
310 19.7675037
1455 19.8216904
3193 19.788822
4054 19.6370862
4347 19.8182739
2024 19.4288794
1744 19.8076783
4052 19.5909716
4343 19.6411018
3482 19.8085188
599 19.6492847
4640 19.7054465
4341 19.6429097
4632 19.7447591
4636 19.7977553
3771 19.7986319
2313 19.5396985
33 19.6166573
2602 19.6793921
4630 19.6840744
4060 19.8015911
888 19.5400086
2033 19.7458244
322 19.6115189
2891 19.7562026
1177 19.4517769
29 19.8145371
611 19.6293992
25 19.7033089
23 19.5330205
2322 19.7255586
1466 19.4671025
318 19.7922255
900 19.6427588
2611 19.6531483
4349 19.7853031
1755 19.5390356
607 19.7661965
1189 19.6748464
3180 19.7859398
4638 19.7170218
2900 19.6187741
312 19.5175824
1478 19.6655229
314 19.702803
31 19.605786
601 19.5158822
3469 19.7202929
896 19.7080593
320 19.636951
890 19.528971
2044 19.6282843
3758 19.6335808
603 19.70206
1767 19.711102
3189 19.5955577
2333 19.7465211
4047 19.6092553
892 19.7339806
1179 19.5671441
1185 19.6924463
3478 19.6262606
2622 19.8353656
1181 19.7934067
609 19.6287074
1474 19.6710303
2056 19.761517
3767 19.6645201
2911 19.8342159
4056 19.6783406
1763 19.6349304
2345 19.7990616
1468 19.6553908
898 19.6344567
4336 19.5960323
2634 19.8369102
1187 19.6084581
1757 19.7397129
1470 19.8322829
4625 19.6331901
4345 19.7143151
3200 19.7286872
2046 19.8024694
18 21.0379166
4634 19.7388145
2052 19.6337326
3489 19.6869346
2335 19.8644731
307 20.9367782
2923 19.8997977
1476 19.5771826
3778 19.604514
1759 19.9016823
2624 19.8483607
27 19.8817771
2341 19.6002817
1765 19.5691214
2913 19.834697
2630 19.6020267
3212 19.9224951
316 19.9107336
2054 19.6194347
2919 19.6443777
596 20.490671
3202 19.7087846
605 19.9281172
2343 19.6494755
4067 19.5970157
3208 19.7261853
3491 19.6352542
2048 19.8989924
2632 19.7486474
3501 19.9085362
885 20.0730292
4356 19.6294641
2337 19.8722656
3497 19.766246
894 19.88214
3790 19.8488942
1174 19.6823164
4645 19.6345053
2626 19.8265997
3780 19.6244363
4079 19.7799389
1463 19.4752176
38 19.7720991
2915 19.7335074
1183 19.8795367
4368 19.7073849
2921 19.8105689
4069 19.6582064
3204 19.6366377
1472 19.8526394
4657 19.704118
3786 19.7565338
1752 19.3897354
4358 19.6781385
3210 19.8360328
2041 19.4183614
4075 19.7907902
327 19.7184149
4647 19.7051894
1761 19.8119022
3499 19.8383111
3493 19.6395646
4364 19.8140297
2330 19.5519118
3788 19.8150539
2050 19.7734772
50 19.6420696
616 19.6232801
3782 19.6408883
2339 19.7358317
905 19.5598399
339 19.6385246
4653 19.7587142
40 19.5478865
4071 19.6358857
2628 19.7113192
628 19.6530869
329 19.5894649
4360 19.6600156
2917 19.6503915
2619 19.669012
917 19.6570056
1194 19.4988509
618 19.5724387
46 19.7526455
4649 19.7163362
4077 19.7960295
1206 19.625952
907 19.5846737
335 19.7617068
3206 19.6162817
1495 19.6573538
42 19.7455548
1196 19.6223304
4366 19.8067488
1483 19.5225378
624 19.748515
2908 19.7614047
4655 19.7405403
1772 19.599578
3495 19.6642441
3197 19.7795831
1784 19.7238688
48 19.6047768
913 19.7181523
2061 19.6744788
3784 19.6995629
3486 19.7221519
331 19.7606023
1485 19.6738282
4073 19.6826659
620 19.7622333
2073 19.7657121
3775 19.6357157
2350 19.7860764
337 19.6113624
1202 19.6977046
1774 19.8057412
909 19.778611
2362 19.8357162
1491 19.6888648
2063 19.8632558
4362 19.7279312
2651 19.8836954
626 19.618087
1198 19.7996396
1780 19.7117516
2352 19.8607074
2639 19.8247967
4064 19.6207968
915 19.6056504
4651 19.7528101
2928 19.8481351
4353 19.6094561
2940 19.9045633
1204 19.5665957
2069 19.6739145
44 19.8784385
3217 19.7450965
1487 19.8892936
4642 19.6419276
2641 19.8886892
333 19.8869529
1776 19.8948341
3229 19.9268652
2358 19.6449732
2930 19.8614093
1493 19.5990778
2065 19.9216306
3518 19.9208299
35 20.5557792
2647 19.6275724
3506 19.683178
3219 19.7159531
3807 19.863446
622 19.9620873
1782 19.6084393
2936 19.6441534
3508 19.6480681
2354 19.9101805
3795 19.6238361
324 20.5182155
2071 19.6584373
911 19.9000449
4084 19.628213
4096 19.7777946
613 20.2101568
2360 19.7062987
3225 19.7627297
1200 19.8668422
4373 19.5927692
2649 19.7443006
902 19.8671306
3797 19.6265891
2643 19.8459429
1489 19.868775
4385 19.7112005
2938 19.7900713
3514 19.7934519
4086 19.6611779
4674 19.6842172
3227 19.8335514
4662 19.6527635
3803 19.7994802
4375 19.6696802
1191 19.6229707
67 19.6403705
3516 19.8551257
2932 19.7431444
1778 19.8184844
1480 19.465402
4664 19.7079715
356 19.678481
3805 19.8282878
55 19.6863928
2067 19.7890727
645 19.6934999
4094 19.8034155
4092 19.8025045
344 19.6333954
3221 19.6811116
2356 19.759159
633 19.5762544
57 19.5656741
4381 19.8113153
1769 19.3916636
3510 19.6354531
934 19.6959588
4383 19.76583
2645 19.686389
346 19.5929766
4670 19.756997
3799 19.6559148
2058 19.4671388
63 19.743414
635 19.6343127
4088 19.6826275
2347 19.5933996
922 19.5746309
4672 19.7071731
924 19.6537687
4377 19.6803858
2636 19.6987758
1223 19.6669807
2934 19.6513478
65 19.6160065
1211 19.5709807
4666 19.7026098
3223 19.6399249
354 19.6209204
352 19.7507974
1500 19.5491585
59 19.7949432
643 19.6314724
3512 19.6790697
1213 19.7013565
1789 19.636214
641 19.7448342
1512 19.6974167
2925 19.7668261
932 19.5982014
930 19.7501824
1502 19.7386542
3214 19.7646812
1221 19.6062796
3801 19.7129333
1219 19.7062496
348 19.8310758
1791 19.7981027
3503 19.7204648
1801 19.7630036
2078 19.7723563
637 19.8206047
3792 19.6232204
2090 19.8046475
4090 19.7427313
1510 19.6400375
2080 19.8968194
2367 19.8465456
926 19.8128909
2379 19.8972164
4379 19.7623528
1508 19.7105456
2656 19.8702557
1215 19.8465473
4668 19.7703327
1799 19.6241209
2668 19.9242922
4081 19.5779307
2945 19.8490338
2369 19.9328709
1797 19.6899132
2088 19.6663377
4370 19.5915033
2086 19.675303
2658 19.9001489
61 19.9265412
2377 19.7148944
1504 19.8821497
4659 19.6531419
2375 19.6520929
2947 19.7936518
2957 19.9446662
3234 19.7783607
52 20.0822263
1793 19.896322
3246 19.9240831
3236 19.7342715
350 19.9325757
3523 19.7180943
2666 19.7438203
2082 19.9097401
3535 19.8735957
639 20.0071005
3812 19.6120863
2664 19.618003
341 20.0903945
2955 19.831086
4101 19.6163169
928 19.9245501
2371 19.9074
3525 19.6703673
3824 19.8532222
2953 19.6903486
3244 19.8727234
630 19.9168392
3814 19.6493093
3242 19.7594668
3533 19.9128291
2660 19.840967
919 19.7188315
4103 19.6382444
3531 19.8262022
4113 19.7624994
1217 19.8930774
4390 19.6227676
1208 19.545545
2949 19.7473758
4402 19.6777839
4679 19.656464
4392 19.6724599
1506 19.9002587
3238 19.6593332
4691 19.6347929
3822 19.8910676
72 19.6196573
3820 19.8304718
1795 19.861458
84 19.6806219
361 19.6073374
4111 19.8520884
1497 19.457663
4109 19.822239
4681 19.7283953
3527 19.6376017
2084 19.7621736
4400 19.7688043
4398 19.8410243
1786 19.4294343
74 19.6515604
4687 19.7627266
4689 19.7318236
373 19.7034551
2075 19.5253529
3816 19.6626917
363 19.6673111
650 19.6013328
2373 19.6647609
662 19.7176403
4105 19.6957647
2364 19.6591057
939 19.618362
951 19.7258743
2662 19.6710085
4394 19.7155232
80 19.7708456
652 19.7344695
82 19.6290011
1228 19.6166052
2951 19.6430571
1240 19.7337147
371 19.6518093
369 19.7777986
1517 19.6518479
3240 19.6599111
2653 19.7567574
941 19.7258982
4683 19.7542905
660 19.6525518
658 19.7345734
3529 19.6731728
1230 19.774045
947 19.7217736
3818 19.7025871
1529 19.765241
949 19.6549631
1519 19.8136338
76 19.8425635
1806 19.6956245
4107 19.7599009
2942 19.815596
1818 19.8231912
365 19.8363992
2095 19.8143626
2107 19.8389831
3231 19.7809947
654 19.8577751
1808 19.9066459
1238 19.6732048
2384 19.8659227
1236 19.6995937
3520 19.738503
1527 19.65919
4396 19.8346689
1525 19.6753948
2396 19.8757947
2097 19.9517292
2673 19.8989742
1816 19.6774074
3809 19.6380118
1814 19.6717019
4685 19.8269557
943 19.9022145
2386 19.9527999
78 19.957716
2675 19.8915008
2685 19.9333776
2103 19.6450377
2105 19.7086839
1232 19.9014986
2962 19.825965
367 19.9478871
4098 19.5718069
2974 19.9299176
1521 19.9210838
3251 19.8117696
4387 19.5893776
3263 19.9302902
1810 19.8700568
2964 19.7807549
2394 19.7231143
3540 19.6809785
4676 19.6657629
2392 19.6556414
2683 19.7624117
3552 19.88997
656 19.9583948
2681 19.6341538
3829 19.6349235
69 19.7722183
3253 19.7310931
2972 19.8498657
945 19.9336029
2970 19.7206221
3542 19.6935528
2099 19.8926321
1234 19.8892814
3259 19.7584063
3831 19.6516138
3841 19.8236931
3261 19.9241931
4118 19.6545711
2388 19.843331
358 19.7995724
1523 19.8304355
4130 19.7790857
4407 19.668403
2677 19.8079224
647 19.6617817
4419 19.6725604
2966 19.7227741
936 19.5710843
4696 19.6905588
3548 19.8020146
4120 19.6683546
3550 19.9253552
1225 19.5163192
1812 19.8005861
3839 19.8834828
3837 19.8051378
4409 19.6642333
4708 19.6066837
89 19.5535906
2101 19.7373602
4128 19.8306845
4126 19.8537821
4698 19.7530782
3255 19.6244906
2390 19.6866528
4417 19.7670551
91 19.7907098
4415 19.8457974
101 19.6915975
1514 19.4943906
378 19.6077218
4706 19.7144537
390 19.7051744
1803 19.5049675
2679 19.6506337
667 19.6604411
99 19.6345711
679 19.7224103
3544 19.6201977
2092 19.5984179
956 19.6625684
4704 19.749961
380 19.7926299
388 19.6149668
2381 19.7305653
3833 19.6632505
97 19.7602442
2968 19.6129046
968 19.7387921
669 19.8145918
4122 19.7197688
386 19.7754489
3257 19.6485738
1245 19.7231686
958 19.8078108
4411 19.7443166
677 19.6462921
3546 19.6744309
1257 19.7556788
675 19.7340747
2670 19.8050475
966 19.6808245
1247 19.8828274
1534 19.7607697
1546 19.7993595
2959 19.8089908
1255 19.6806265
3835 19.7011835
1823 19.852415
1835 19.8047861
4700 19.7747813
3248 19.7575692
964 19.7035624
2112 19.8880144
1544 19.6829716
1536 19.9421471
3537 19.6897345
1253 19.6771048
93 19.9303079
4124 19.7594596
1825 20.0150123
2124 19.8487311
1542 19.6764027
382 19.9052423
4413 19.8165398
2114 20.0024566
2401 19.923035
1833 19.7066779
1831 19.6914637
4702 19.8308619
671 19.9053372
2413 19.8916682
3826 19.6319594
2122 19.717223
2690 19.8868884
2702 19.897489
2403 19.9398788
2411 19.7551848
4115 19.5875143
2979 19.8429683
95 19.9727591
2991 19.918383
2120 19.6705465
2700 19.8140705
4404 19.6370436
960 19.947771
3268 19.7308637
2692 19.8792197
2409 19.6713718
1249 19.9526849
4693 19.6929294
384 19.9351997
3280 19.8971635
2981 19.7936665
2698 19.6727356
1538 19.9445641
673 19.8854879
2989 19.8617574
3270 19.7446539
3557 19.6684025
2987 19.7247594
962 19.8730785
3569 19.8689601
86 19.6247113
3278 19.9008958
1827 19.9175102
3846 19.6635045
3858 19.8239194
375 19.6332467
3567 19.8885606
3559 19.6827658
4135 19.6625167
4147 19.7502918
1251 19.8188638
3276 19.7730091
664 19.5901696
2116 19.8579168
3856 19.8457678
3848 19.687883
4424 19.6681623
3565 19.8096803
2405 19.7815752
1540 19.8118506
953 19.554237
4137 19.71213
3854 19.8341211
4436 19.6678975
1829 19.7765201
2694 19.7117725
4426 19.7178441
4145 19.8278478
4143 19.8666067
2118 19.7256219
4725 19.6265722
4713 19.7216787
4715 19.7697766
1242 19.5330903
4434 19.7465451
118 19.7226557
108 19.8819346
4723 19.7121501
1531 19.5746335
2983 19.6896626
407 19.7176009
2407 19.7038569
397 19.8629707
116 19.6300285
1820 19.6451325
4432 19.8503882
106 19.6614098
3272 19.6344135
4721 19.7809181
2109 19.7531121
2696 19.6408675
686 19.886165
395 19.6830862
3561 19.632972
114 19.7849292
696 19.7384083
2985 19.6072179
684 19.7343472
405 19.6235881
3850 19.6673278
3274 19.6321962
975 19.9213945
985 19.733711
2398 19.8371875
694 19.6772994
403 19.8226235
973 19.7383303
1274 19.7688526
1264 19.9691814
2687 19.8588567
983 19.6979964
1563 19.8091333
1553 20.0149973
4139 19.7446007
2976 19.8298946
1272 19.7546283
692 19.7515161
3563 19.6669971
1262 19.7982033
4428 19.7702644
981 19.7130225
4717 19.7575904
1551 19.8894794
3265 19.7593234
1842 20.0155368
3852 19.7366593
1270 19.663975
1852 19.8257067
1840 19.9548178
4141 19.7407986
110 19.9706063
1561 19.732905
1559 19.6650417
2141 19.8485814
2131 19.9833812
4430 19.8037951
3554 19.6888227
1850 19.72884
2430 19.8627831
2420 19.8902939
2129 19.9412289
3843 19.6555287
2139 19.7627738
2719 19.8899939
2709 19.8363102
399 19.9403381
4132 19.6587237
1848 19.6647369
2428 19.8083087
4719 19.7699614
688 19.9244824
2418 19.9209203
2137 19.6661405
4421 19.6521456
2998 19.7481181
112 19.8947685
977 19.9629454
2707 19.8794289
2426 19.6973859
3008 19.8910472
401 19.8856114
2996 19.7908999
2717 19.8458866
2715 19.7325786
1266 19.9620686
690 19.854314
3297 19.8944949
3287 19.7333309
4710 19.6989674
3006 19.8743987
3586 19.8902637
3576 19.7156499
103 19.6217425
3295 19.9032254
3285 19.7187774
3875 19.8055876
1555 19.9259614
3865 19.7424889
392 19.6363201
3004 19.7830304
979 19.8430314
1844 19.8688285
3574 19.6686358
3293 19.8114353
3584 19.8795203
1268 19.8115795
2133 19.7987803
681 19.6523436
3863 19.671172
3582 19.8268424
4154 19.7855797
1557 19.8025571
4164 19.7081428
2422 19.7604599
4152 19.6588173
3871 19.8367766
1846 19.7905465
4453 19.6409116
3873 19.82493
4443 19.782081
970 19.629139
4742 19.623387
4162 19.7706435
4732 19.7823373
1259 19.6633242
4441 19.6912927
135 19.76643
4451 19.7055038
2711 19.6873436
125 19.9227225
1548 19.7333926
4740 19.6413461
2135 19.7162564
3000 19.6458627
4730 19.7681922
4160 19.8598404
1837 19.8223616
2424 19.6802568
3289 19.6298148
4449 19.8256882
123 19.8246797
2713 19.6732799
424 19.7876132
414 19.9341599
3578 19.6408378
133 19.6814202
4738 19.745625
412 19.8633828
3002 19.6765811
2126 19.8651195
131 19.7564314
703 19.9631642
422 19.6911673
3867 19.712055
713 19.7578903
2415 19.911186
992 19.9778197
711 19.7124727
701 19.8699318
1002 19.7671627
2704 19.8812454
1281 20.0189253
1000 19.7569475
1291 19.7893407
3291 19.691464
2993 19.8261898
4156 19.7779706
420 19.7840613
990 19.8674508
1570 20.0305491
3580 19.7039148
1289 19.7535798
4445 19.7923784
709 19.7460289
1279 19.9231726
1580 19.8406792
3869 19.7151753
3282 19.7451957
4734 19.8077873
998 19.6739958
1568 19.9755411
4158 19.7672496
1859 20.006661
1578 19.7458204
1287 19.6873582
1869 19.8951929
127 19.9377601
3571 19.686351
2148 19.9009019
1867 19.7812606
1857 19.9829818
2158 19.9089903
3860 19.6525605
2437 19.85244
2156 19.8489813
2447 19.9025744
4149 19.6595359
4447 19.7826804
416 19.9542531
1576 19.6697477
2146 19.9864241
2726 19.7747661
2445 19.8744206
4736 19.7877283
705 19.9110242
1865 19.6853134
2435 19.8932141
2736 19.9073452
4438 19.6890434
994 19.9275856
129 19.8740889
2154 19.702919
2724 19.8540811
418 19.9081121
3015 19.7274772
2734 19.8761053
2443 19.7566488
1283 19.9463135
3025 19.900908
4727 19.7214095
3304 19.6987132
3023 19.8971457
3013 19.762579
120 19.7014855
3314 19.8941304
3593 19.6765469
3312 19.8984951
409 19.7211116
3603 19.890059
707 19.8381752
3882 19.7232497
2732 19.7754336
3601 19.887764
1572 19.8842868
3302 19.6866518
698 19.7301815
996 19.8351694
3021 19.8436962
987 19.7395276
3591 19.6649811
3892 19.8037719
1285 19.7917065
3310 19.8687133
1276 19.8446623
3880 19.6797975
1861 19.8475417
4171 19.7306032
3890 19.8327535
1574 19.7890768
4181 19.7313374
2150 19.791988
4460 19.7966179
3599 19.8537224
4179 19.7452335
1565 19.895319
4470 19.6811107
2439 19.7280355
4169 19.6684388
4468 19.644143
4749 19.7644515
4759 19.6695698
2728 19.6609404
4757 19.6265755
1863 19.7528335
142 20.0051925
3888 19.8225185
1854 19.9281166
4458 19.7190024
2152 19.6988619
2143 19.9438569
4177 19.8055522
4747 19.7821051
2432 19.9876267
2441 19.6555659
152 19.8175032
4466 19.7772956
140 19.9767419
3017 19.6432383
150 19.7125803
431 20.0265887
3306 19.6274189
2730 19.6746864
720 20.0078126
441 19.8268502
439 19.706072
2721 19.905584
3595 19.6960294
730 19.7994957
429 20.0090347
1009 19.9950576
4755 19.7191776
728 19.7639764
1019 19.8150257
3010 19.8140657
3019 19.7476262
3884 19.7170534
148 19.7170398
718 20.002534
1298 20.0381568
3299 19.7322678
3308 19.7258383
437 19.7061813
1007 20.0222723
3588 19.6903565
3597 19.7212064
726 19.7002162
1296 20.0173265
1017 19.7748802
4173 19.7737269
3886 19.7570525
1015 19.7029992
1308 19.8380436
1587 20.0268594
1585 20.0183913
4462 19.8060205
3877 19.6724575
4175 19.8093477
1876 19.9707139
1597 19.8634915
4751 19.8171041
1306 19.7636738
2165 19.8969175
1304 19.7104026
1886 19.897203
1595 19.7830342
4166 19.6689424
1874 20.0160766
4464 19.8084461
2454 19.8100697
144 19.9842406
1884 19.8317125
4455 19.7056102
2175 19.933067
2163 19.9923223
1593 19.7195479
2173 19.8949207
4744 19.7394505
2452 19.8871791
1882 19.7052244
4753 19.7707417
137 19.8443
2741 19.8278487
2171 19.751993
433 19.9486369
146 19.8635001
2743 19.7203543
2464 19.936881
722 19.9122787
435 19.8537867
2460 19.8253662
3030 19.7476525
426 19.8471541
3032 19.6826033
2462 19.9056559
2753 19.8927205
1011 19.8957212
724 19.8195579
3042 19.8913123
2749 19.8634156
1013 19.8010269
715 19.8830034
1300 19.8894091
3331 19.8747795
3319 19.685682
1302 19.7599535
3038 19.8805864
3321 19.6984728
1004 19.9076247
3620 19.8965383
2751 19.9433009
3608 19.6679999
1293 19.9726179
3610 19.6549673
3040 19.940307
3897 19.6973427
1591 19.7459936
1589 19.8629656
3327 19.8980594
3899 19.7132302
3329 19.8801836
1878 19.8438286
1582 20.0228924
3909 19.810914
3616 19.8745666
4186 19.7056752
3618 19.8750319
1880 19.7306258
2167 19.773816
4188 19.7478082
3905 19.8234188
4198 19.7834167
2169 19.7210363
1871 20.0323478
4194 19.7857936
4487 19.7545196
2456 19.6965054
2458 19.6874033
4475 19.7271727
2160 20.0188397
4776 19.6997565
3907 19.8272409
4477 19.8136078
4764 19.7810403
2747 19.7199153
2449 19.9363554
4483 19.7578656
4196 19.7250719
4766 19.7817937
157 20.1109839
4772 19.7092396
4485 19.6541156
159 20.0429997
2745 19.6363872
169 19.8615593
165 19.7030287
4774 19.6375287
446 20.0955589
3036 19.7647397
448 20.0198811
3034 19.6387543
2738 19.8707503
454 19.707395
3323 19.6533372
3325 19.7855565
3027 19.783239
743 19.7060255
167 19.780214
3612 19.7020495
3614 19.782751
735 20.1028464
3316 19.6817235
458 19.8479883
737 19.9965636
3901 19.732447
3903 19.7811734
1024 20.0710663
3605 19.6767648
456 19.7693574
747 19.885701
1026 19.9547399
1032 19.7068096
1313 20.0851292
745 19.7902969
1036 19.8587659
1315 19.9996201
1034 19.8074247
1321 19.7093509
1325 19.8590469
4190 19.7658983
4192 19.8037389
1604 19.9704315
3894 19.6656106
1602 19.9973675
1610 19.7331566
4479 19.8261227
4481 19.8131987
4183 19.7111669
1323 19.8047201
1899 19.7378988
4768 19.817643
4770 19.7739
4472 19.7382311
1614 19.8630495
1891 19.9951811
1893 19.9518005
161 19.9490179
163 19.8043621
4761 19.7479718
1612 19.7918636
2180 19.9244121
1903 19.8895592
2188 19.7725433
1901 19.8693688
2182 19.8956649
2469 19.8220237
2192 19.9159707
2190 19.9184505
2471 19.7767118
450 19.9678696
2477 19.8755505
154 20.0255036
2481 19.8885054
452 19.8071101
2760 19.7167328
2758 19.7443259
739 19.8769839
2766 19.8786679
741 19.7595327
443 20.0181313
1028 19.8351001
3055 19.8788072
1030 19.7531346
3049 19.6881331
732 20.0340508
2770 19.8622246
2479 19.9429705
3047 19.7317973
3344 19.8611988
3338 19.6873302
3336 19.6983839
3059 19.8320045
1317 19.8336
2768 19.9595524
1021 20.016394
3625 19.6847573
1319 19.7122297
3057 19.9133279
1310 20.0258991
3633 19.8470815
3627 19.6906732
3346 19.8920602
1606 19.7868315
3348 19.8332608
3922 19.802476
3637 19.8074213
3914 19.7175517
3635 19.8273963
3916 19.7551474
1599 20.0324126
1608 19.7188336
3926 19.7929369
3924 19.7733862
1888 19.9914233
4211 19.7638062
4205 19.7872286
4213 19.758235
1895 19.7823267
4500 19.7269105
4203 19.7398269
2177 19.9290461
4215 19.7404659
1897 19.7122942
2184 19.7468764
4502 19.6895664
4492 19.769126
4789 19.6927055
2473 19.7172376
4494 19.8343812
4504 19.7387208
4781 19.7728782
2466 19.8659768
182 19.8017653
4783 19.8469393
2186 19.7115979
2762 19.6779699
4791 19.6631729
174 20.1121038
2755 19.7786929
3051 19.6684303
184 19.8313426
463 20.1372337
2475 19.7204916
471 19.7630016
3044 19.7372084
4793 19.7413646
473 19.8391638
3340 19.689127
2764 19.7572887
176 19.9978757
186 19.8559341
762 19.7930001
3629 19.7339913
3053 19.7900595
475 19.8599508
3333 19.6854346
3918 19.7792965
752 20.1465868
3342 19.7942663
760 19.7150982
764 19.8550533
3622 19.7047338
4207 19.7733013
1051 19.8219515
1041 20.0980985
465 19.9907957
3911 19.7239806
1049 19.7114387
1340 19.8018539
1330 20.0216153
4200 19.761212
1338 19.7634486
1053 19.8491747
3631 19.7846437
1629 19.8395911
1619 19.9812764
4496 19.8389253
4489 19.7694219
1627 19.7804326
754 19.950254
3920 19.8179278
1342 19.8299811
1908 19.9404678
1916 19.7761048
1043 19.9348271
1918 19.8849352
4785 19.8132944
1631 19.8439712
4778 19.7818575
4209 19.7828646
2205 19.8615092
1332 19.8861942
2207 19.921497
178 19.8590015
2494 19.8734724
2197 19.862008
4498 19.7616803
1920 19.8798942
1621 19.8552839
467 19.8647431
171 20.1225572
2783 19.8895091
4787 19.7128501
2209 19.8708109
2496 19.9495023
460 20.1241072
3072 19.881134
180 19.7534842
2498 19.8470622
749 20.0947729
2486 19.7564393
1910 19.8701794
3361 19.8635992
2785 19.9502665
756 19.826455
2199 19.810517
469 19.7826724
2787 19.8428483
3074 19.8969012
2775 19.7144719
1038 20.079553
1045 19.7764516
3650 19.858222
3363 19.8542697
758 19.7524537
3064 19.7311431
2488 19.7744554
1047 19.7161046
3652 19.780426
3076 19.8467571
1334 19.7554794
3939 19.7727957
3353 19.7255546
1336 19.6838905
3941 19.7416418
3365 19.8346312
4228 19.712817
1623 19.7220411
1327 20.0339151
2777 19.6946544
4230 19.6911157
1625 19.6937813
3654 19.7771168
4517 19.6957936
1912 19.7245343
4519 19.6599963
3943 19.746375
3642 19.7261445
2201 19.6967167
1616 20.002906
4806 19.6620123
4808 19.6590394
4232 19.7426519
1914 19.7217236
3066 19.7139654
1905 19.9061023
201 19.8994967
199 19.8320534
2194 19.8849339
2490 19.6933044
4521 19.7001691
490 19.9029281
488 19.8055897
3931 19.7787281
2483 19.8044502
2203 19.7263588
2779 19.715129
3355 19.6980754
777 19.765208
779 19.8600616
2772 19.7158089
3068 19.7205451
2492 19.7687748
4810 19.7083377
4220 19.8245248
2781 19.781471
3357 19.7501115
3061 19.7057678
203 19.8382575
3644 19.7663285
1068 19.8332016
3070 19.7787167
1066 19.7685467
3350 19.6837965
492 19.8620737
3933 19.832103
3359 19.8012661
3646 19.7880174
3639 19.7180589
781 19.8614387
4222 19.8856031
4509 19.8381539
3648 19.8259585
1355 19.795863
1070 19.8709561
1357 19.8100758
3937 19.8188503
4798 19.8164677
1644 19.8222874
1646 19.7823901
4226 19.7820499
3928 19.7778825
4511 19.8834147
191 20.0887331
3935 19.7962518
1359 19.8304071
1933 19.8438371
4800 19.8198671
480 20.1016585
4224 19.7842585
1648 19.8320764
1935 19.8804494
769 20.0885687
193 19.9304891
4217 19.8186334
4515 19.7117891
4513 19.812938
1937 19.8583133
1058 20.0422477
482 19.9361206
2224 19.9034908
4506 19.8334037
2222 19.9004846
1347 19.9751258
2513 19.8888139
771 19.8586797
4795 19.8286414
2226 19.8236986
4804 19.659715
2802 19.8672187
1060 19.8530431
4802 19.7602955
188 20.1123413
1636 19.9178981
2515 19.8088714
3091 19.8565944
2511 19.9173996
1925 19.8532354
477 20.1001188
1349 19.831621
197 19.7554507
3380 19.8245489
2214 19.8171665
766 20.0657277
486 19.7608871
3669 19.7617518
195 19.8152713
2503 19.7533964
1055 20.0053413
2804 19.8074597
775 19.7739572
3958 19.7483802
2800 19.8956103
1638 19.8446606
2792 19.7272435
1064 19.7165472
1344 20.0140682
3093 19.8080087
4247 19.6853325
1927 19.8267615
3081 19.7567972
1353 19.722276
4536 19.697787
1633 19.9164446
3370 19.7740668
484 19.815175
1642 19.7172039
3089 19.8528963
4825 19.6679671
1922 19.8383067
3659 19.7603335
2216 19.7941972
3382 19.8356177
2211 19.8045952
1931 19.7609274
3948 19.8200077
3378 19.8576715
2505 19.7729247
218 19.9254156
773 19.7920189
4237 19.8614398
3667 19.8503333
2794 19.7741596
507 19.9307049
2500 19.7366451
4526 19.8661316
3956 19.7809192
3083 19.7567665
3671 19.8035345
796 19.90781
2220 19.7546251
4815 19.834928
4245 19.7066381
3372 19.8500412
1062 19.7255811
1085 19.8768998
2789 19.7248918
4534 19.6933162
1351 19.6851273
1374 19.8429134
3078 19.7188035
4823 19.6550789
208 19.9581385
3661 19.8136645
3960 19.7418382
1640 19.7219567
2509 19.8091403
1663 19.7933329
3367 19.6766647
216 19.8498165
1929 19.7283795
1952 19.8456722
505 19.852398
497 19.9753477
3950 19.8793043
3656 19.7677149
2241 19.844972
4249 19.7111746
786 19.9988259
4239 19.8963146
2798 19.848023
2530 19.8257714
4538 19.6827322
794 19.8336326
1075 19.9320401
2218 19.7418439
4528 19.8485347
2819 19.8355253
4827 19.6961877
1083 19.8283321
4817 19.7809429
3945 19.8465419
2507 19.7290414
220 19.8615647
3108 19.8114113
3087 19.8391845
1372 19.8275699
1364 19.8378704
210 19.8471904
2796 19.7791542
3397 19.7893482
3376 19.8459605
4234 19.8797703
1661 19.7838547
509 19.8434607
3686 19.8014625
3665 19.8389836
3085 19.7575673
798 19.8717883
3975 19.7513761
3954 19.8192815
4523 19.8656504
499 19.8353889
1653 19.7920572
3374 19.7942839
1087 19.8520551
4243 19.7458795
1950 19.8411323
788 19.8345659
3663 19.8294238
1942 19.7819424
4812 19.8338621
2239 19.9042317
1077 19.7682688
4264 19.6915701
2231 19.8048318
1376 19.8372023
205 20.0292027
2528 19.8858484
4532 19.707352
3952 19.8323946
4553 19.6942634
2520 19.7667314
494 20.0015032
1366 19.7674873
2817 19.8731587
1665 19.7926027
4842 19.6788246
4821 19.6539835
4241 19.8034058
1954 19.7731835
235 19.9653625
214 19.7614017
2809 19.7834393
1655 19.8061022
4530 19.812115
783 20.0133721
2243 19.7847674
3106 19.8407241
503 19.7735997
4819 19.7142948
1944 19.7850051
3098 19.8047769
3395 19.8543124
1072 19.9383437
2233 19.7781363
524 19.9549935
3387 19.8438853
3684 19.7945003
2532 19.7990995
1361 19.9227138
212 19.7927045
792 19.7614994
3676 19.8527072
813 19.9091858
1650 19.8403595
2522 19.7608189
3973 19.7376847
2821 19.7746265
1102 19.859009
1081 19.7108627
501 19.7696371
3110 19.7909088
1370 19.717011
790 19.7436441
2811 19.7962979
1391 19.8450949
3399 19.7751882
3965 19.8820384
1939 19.7977383
1659 19.7497528
4262 19.6862425
3100 19.8166942
1079 19.7335273
4254 19.8919114
4551 19.6832717
3389 19.8622487
2228 19.7610791
4543 19.8493545
1680 19.7883937
4840 19.6439078
3688 19.7233983
2517 19.7285628
4832 19.832213
3678 19.8563723
1969 19.8022079
1948 19.7832991
1368 19.7309839
233 19.9206979
2806 19.7019126
3977 19.6997527
2258 19.7653111
2237 19.7867966
4266 19.705353
1657 19.7313955
2526 19.8111321
3967 19.8625485
2547 19.7844996
4555 19.7219709
1946 19.7253185
225 19.8838739
3095 19.7265223
522 19.9208624
4256 19.8193403
2815 19.8484844
2235 19.7606039
811 19.897989
514 19.916783
4545 19.8238828
3384 19.7894426
4844 19.7338638
2836 19.7911863
1100 19.868733
803 19.903138
3673 19.8435014
4834 19.7391405
3125 19.7671946
3104 19.8681539
1092 19.8754002
237 19.8802651
3962 19.8598027
2524 19.7765501
1389 19.8667757
3414 19.7761772
3393 19.8774284
526 19.8462408
2813 19.8306221
227 19.7918723
3682 19.8745754
815 19.8710023
3703 19.767445
3102 19.8063632
1381 19.8476076
516 19.8048034
1678 19.8144461
3971 19.7674774
4251 19.883384
1670 19.7677786
805 19.7700006
1967 19.8265417
3391 19.8216859
4540 19.850827
1104 19.844712
1959 19.7714576
3992 19.747549
2256 19.8743598
1094 19.7537737
4829 19.8061343
2248 19.7598877
4281 19.7161797
4260 19.7141144
2545 19.8756779
222 19.9373587
1393 19.8178013
4570 19.6756084
4549 19.7052751
2537 19.7860423
3680 19.8044859
1682 19.7622389
1383 19.7810578
4838 19.6706805
2826 19.839796
4859 19.6819466
1971 19.712848
1672 19.8140318
231 19.8414149
2834 19.8580014
3115 19.8337546
511 19.938875
1961 19.7945996
3123 19.8193912
3404 19.872068
3969 19.8153181
800 19.8905296
520 19.8562942
2250 19.7974586
3412 19.808659
252 19.9095279
3693 19.901389
1089 19.9034005
2539 19.791085
2260 19.7258502
3701 19.7513764
541 19.9259043
1378 19.8653383
4258 19.8003104
830 19.8662342
809 19.8327729
2828 19.8379907
2549 19.731755
3990 19.6969607
4547 19.745694
1119 19.8694809
2838 19.7272923
3982 19.9160223
1098 19.7913642
4836 19.6646957
3127 19.73423
1667 19.8788346
1387 19.7849271
4271 19.8871286
3117 19.8815239
4279 19.6683769
4560 19.8581491
229 19.7980673
3406 19.8862984
1956 19.8050467
4568 19.6198859
1408 19.8305911
1676 19.8039517
3695 19.8677577
4849 19.7611993
2245 19.7724745
3416 19.7193246
4857 19.6641538
1697 19.7792731
2534 19.7766706
250 19.9352198
518 19.7388904
3705 19.7377981
1986 19.7705693
1965 19.7872755
3984 19.8382677
3994 19.7003198
2275 19.7425287
807 19.7550472
2254 19.8157746
242 19.84222
4283 19.7457131
1096 19.7354657
2823 19.7757554
2543 19.8496629
531 19.8605175
4273 19.8073346
539 19.9508836
820 19.8705454
3112 19.7901099
4562 19.7688954
2564 19.7679244
1385 19.7619526
828 19.9260867
3401 19.8450482
4851 19.7205068
4572 19.768046
1117 19.8782175
2832 19.8528837
2853 19.7373167
1109 19.8689446
1406 19.8446285
3690 19.8511938
3142 19.7589824
4861 19.7623027
1674 19.7801005
3121 19.8888114
3431 19.724895
254 19.8329111
244 19.786494
1963 19.7957089
3410 19.8732809
1398 19.8560644
543 19.8306154
3699 19.842643
2252 19.8203461
3979 19.8847564
1687 19.8004738
1695 19.8171903
533 19.8045673
3720 19.7287352
4268 19.8866212
1976 19.8041019
1984 19.8220995
822 19.7946151
2541 19.8502845
4557 19.8738417
2273 19.8094335
1111 19.8156199
4009 19.717456
832 19.8549161
3988 19.765631
2265 19.8832413
2562 19.8187559
2830 19.8654442
1121 19.832601
4277 19.7226904
2851 19.8259171
3119 19.8796727
4846 19.7913412
1410 19.8034289
2554 19.8549511
4298 19.71577
3408 19.8651633
1400 19.8447358
4566 19.6649193
1699 19.72855
2843 19.8871807
3697 19.7930282
3140 19.8003936
3132 19.8959239
4587 19.7010631
1689 19.8690594
239 19.8807556
4855 19.659562
3429 19.7958671
4876 19.7208502
1988 19.6916251
248 19.9004208
528 19.8833583
3718 19.7189613
269 19.8765928
3421 19.9396042
2277 19.6794973
817 19.8804474
4007 19.7242085
3986 19.7859307
1978 19.8553382
1106 19.8878428
4296 19.6815112
4275 19.7483869
2267 19.8829698
3710 19.9057664
537 19.9042945
1395 19.8536263
558 19.8520937
2566 19.6971018
4564 19.6988167
2556 19.9154537
3999 19.8903116
826 19.8824451
4853 19.6420457
4288 19.8876325
847 19.8200017
4585 19.6531329
2855 19.6733595
1115 19.8445921
2845 19.9128389
1684 19.839229
1136 19.81644
3144 19.6838819
4874 19.7064941
4577 19.8338038
1404 19.8080646
1425 19.7524436
1973 19.8302342
3433 19.6944573
267 19.9146512
246 19.8016992
3134 19.9021682
2262 19.8209828
556 19.9047824
535 19.7909689
4866 19.7281713
3423 19.9002629
2551 19.830625
1714 19.733226
1693 19.8147212
824 19.8108715
3722 19.720224
259 19.8330294
3712 19.8670749
1982 19.8233363
1113 19.8063562
548 19.8862386
2003 19.6912711
4011 19.7153021
845 19.8940109
2271 19.8791679
2840 19.843787
4001 19.8282912
4300 19.7471669
2292 19.7373351
1134 19.8640925
2560 19.8915715
4589 19.7859208
2581 19.7110736
1402 19.8113184
837 19.9024638
2849 19.8742687
1423 19.8351344
4290 19.7974697
3138 19.8529384
1691 19.8305227
3129 19.897245
4579 19.7552281
1126 19.9459264
1712 19.7880449
4878 19.7966864
1980 19.8721236
2870 19.6898591
3418 19.8692007
4868 19.691716
1415 19.9154706
3427 19.8455704
2269 19.9038013
3707 19.9302958
1704 19.8386914
271 19.7802902
3159 19.7078442
2001 19.7782236
560 19.8116127
3448 19.6843656
3996 19.9009657
3716 19.7646754
2290 19.7500165
261 19.7952372
849 19.8018641
3737 19.7064017
4005 19.7054103
2558 19.8945706
1993 19.8741001
2579 19.7350279
550 19.842328
4294 19.6686578
2847 19.8905747
4285 19.8809207
839 19.881994
2282 19.9467555
3136 19.8661359
1138 19.7988921
2868 19.7454996
4574 19.8276983
4026 19.6912932
1128 19.9329859
2571 19.9586722
4583 19.6359088
3425 19.8176328
4863 19.7717647
2860 19.9516394
1427 19.7634232
4315 19.7195958
3157 19.7531644
1716 19.6767286
4604 19.7046779
4872 19.6378631
3446 19.7561689
256 19.8572756
2005 19.6069789
1417 19.9135092
265 19.9062981
3735 19.6927077
4893 19.7488498
3714 19.7976179
3149 19.9927578
1706 19.9391885
554 19.881818
2294 19.6589781
4003 19.7413318
545 19.8432957
3438 19.9503522
1995 19.922785
4292 19.7145574
3727 19.9441889
834 19.8584623
2284 19.9510711
4024 19.6668202
286 19.8290675
843 19.9099543
2583 19.6653727
4016 19.8947701
4581 19.6796528
1123 19.8615979
575 19.7718676
2872 19.6635373
4313 19.6795212
864 19.72786
1132 19.8660266
3161 19.6801245
1412 19.877919
4602 19.690312
4305 19.8319359
1153 19.7519378
2573 19.9433005
1421 19.8714548
4870 19.6204717
3450 19.690476
4891 19.7183787
1710 19.8654847
2862 19.9267075
263 19.8450948
4594 19.7793326
1701 19.8748273
3151 19.9277556
552 19.8782176
4883 19.7114924
1990 19.8638642
284 19.8364286
3440 19.897138
1999 19.8396345
841 19.8906815
3739 19.7232216
276 19.8702061
2279 19.8815965
1442 19.7212438
4028 19.7564191
573 19.8457997
1731 19.683526
2288 19.8757992
1130 19.8863101
2568 19.8809011
4317 19.783635
565 19.8938802
2020 19.6545835
3729 19.8604057
862 19.8208503
2577 19.8701535
1419 19.8873139
2857 19.9212657
2309 19.6866589
2866 19.8522751
4018 19.7813723
1708 19.8597354
1151 19.8181564
3146 19.9340138
4606 19.803013
4307 19.7548257
854 19.9737851
1997 19.8857446
3435 19.9649299
4596 19.735336
2598 19.6699419
2286 19.9604702
4895 19.858158
3155 19.7949667
2887 19.7023913
2575 19.9193275
288 19.7678052
1440 19.7724963
1143 19.9905699
3444 19.7769049
4885 19.6973083
3724 19.9929987
1729 19.7667706
3176 19.6721318
577 19.7847151
278 19.8935756
2864 19.8938978
1432 20.0139204
3733 19.6863749
4013 19.9251272
866 19.7804022
2018 19.7056235
4022 19.632812
1155 19.7213968
2307 19.6880965
4311 19.6328419
3153 19.8472044
3465 19.6687227
567 19.8822103
2596 19.6834929
4302 19.8512441
1721 19.9888956
4600 19.6281127
3442 19.7998456
1444 19.6879382
3754 19.7167075
2885 19.6930852
856 19.9238098
3731 19.7120561
4043 19.7586621
3174 19.7279456
1145 20.0041056
4591 19.7897527
2010 20.0019638
3463 19.690281
4332 19.7788057
4889 19.6243856
1434 19.9879925
4880 19.738911
4020 19.713285
1733 19.6569412
2299 20.007179
4309 19.7019224
1723 19.9663478
273 19.8912691
3752 19.6850363
4621 19.7901826
282 19.9172531
4598 19.6686795
2022 19.654791
2012 19.9531333
571 19.8997234
4887 19.6256479
4041 19.6527686
2588 20.0044529
562 19.9040812
2301 19.9088886
860 19.9127951
4910 19.7646954
4330 19.6752791
1149 19.8613634
851 19.9515083
2590 19.9428987
2311 19.6209457
280 19.921944
4619 19.6898594
2877 19.9572314
2879 19.9042033
1438 19.863935
1140 19.9246803
3166 19.9369669
3168 19.912983
1727 19.8618196
2600 19.6231811
3455 19.9755007
1429 19.9493295
569 19.9340963
4908 19.7212302
2016 19.8135398
3744 19.9524937
1718 19.9338344
858 19.9536934
3457 19.8269729
2889 19.6630308
2305 19.8080335
4033 19.8751235
1147 19.9103026
2007 19.9498877
3746 19.8120251
2594 19.844545
1436 19.9164768
2883 19.7939373
2296 19.9694961
4035 19.786384
3178 19.7122315
1725 19.907779
4322 19.8254774
2585 19.9523354
3172 19.7128765
2014 19.8981351
4324 19.7572453
3461 19.7050796
3467 19.7569076
2874 19.9602357
4611 19.7333351
4613 19.7084813
3756 19.7899106
3163 19.9570909
4900 19.70294
3750 19.6305667
4902 19.6662893
4045 19.7756574
2303 19.9706513
4039 19.5946276
3452 19.9341636
4334 19.8081294
2592 19.8952188
4328 19.609794
4623 19.8214662
3741 19.9560975
4617 19.6430868
2881 19.8330497
4912 19.8326604
4030 19.8783834
4906 19.6386763
3170 19.7630704
4319 19.8020303
3459 19.7222926
4608 19.7685453
3748 19.663546
4897 19.7392835
4037 19.6843295
2 20.7331078
4326 19.6545055
291 20.5980123
4615 19.6494302
580 20.1924518
4904 19.6417288
869 19.8933712
1158 19.6600677
1447 19.4952073
1736 19.4301517
2025 19.4578761
2314 19.5742861
2603 19.6911848
2892 19.7565938
3181 19.7680863
3470 19.7321728
3759 19.660952
4048 19.6032529
4337 19.602778
4626 19.6588876
19 20.6228435
308 20.510299
597 20.1735813
886 19.8911413
1175 19.6295559
1464 19.4491465
1753 19.4119912
2042 19.470811
2331 19.6069457
2620 19.7082425
2909 19.770974
3198 19.7804871
3487 19.7170746
3776 19.6809182
4065 19.6247094
4354 19.6066208
4643 19.6522202
36 20.2989349
325 20.2504418
614 20.0370602
903 19.7806739
1192 19.5925171
1481 19.4491008
1770 19.4324962
2059 19.5245469
2348 19.6433495
2637 19.7352038
2926 19.771622
3215 19.7561084
3504 19.7247122
3793 19.6294981
4082 19.5808472
4371 19.5682461
4660 19.6415847
53 19.9860545
342 19.9661294
631 19.8546875
920 19.6641333
1209 19.5856764
1498 19.504491
1787 19.4742438
2076 19.56645
2365 19.7203973
2654 19.7970001
2943 19.8131427
3232 19.7916578
3521 19.747503
3810 19.6789633
4099 19.5919196
4388 19.59063
4677 19.6354455
70 19.7289515
359 19.7118859
648 19.6562909
937 19.6240992
1226 19.5541143
1515 19.5559387
1804 19.5799921
2093 19.6897607
2382 19.7993043
2671 19.8439024
2960 19.848485
3249 19.7746231
3538 19.7239191
3827 19.6677996
4116 19.6448663
4405 19.6532306
4694 19.670227
87 19.6276795
376 19.6389918
665 19.6047347
954 19.5694944
1243 19.6018989
1532 19.6181329
1821 19.7031547
2110 19.8031006
2399 19.8757674
2688 19.8943616
2977 19.8468351
3266 19.8183594
3555 19.7365305
3844 19.6704365
4133 19.6608588
4422 19.6582931
4711 19.6793486
104 19.6266844
393 19.6399093
682 19.6464845
971 19.6574313
1260 19.7301861
1549 19.7968227
1838 19.8235936
2127 19.8981826
2416 19.9046252
2705 19.891526
2994 19.8355862
3283 19.7605803
3572 19.7142128
3861 19.6494926
4150 19.6187726
4439 19.6552646
4728 19.7068256
121 19.705675
410 19.7484098
699 19.7737405
988 19.7890338
1277 19.8749677
1566 19.9350103
1855 19.9435549
2144 19.9576813
2433 19.9721341
2722 19.8941522
3011 19.8336496
3300 19.7550746
3589 19.7356858
3878 19.63672
4167 19.6666166
4456 19.7062565
4745 19.7268717
138 19.9000931
427 19.9083687
716 19.9492044
1005 19.9816139
1294 20.0007922
1583 20.0367814
1872 20.0054919
2161 19.9607878
2450 19.9310756
2739 19.8501593
3028 19.7787243
3317 19.726019
3606 19.681464
3895 19.6805006
4184 19.7290394
4473 19.7248268
4762 19.7256746
155 20.0774734
444 20.0993671
733 20.0811541
1022 20.1021214
1311 20.0445355
1600 20.0515348
1889 19.9807591
2178 19.9217843
2467 19.8360333
2756 19.758535
3045 19.7130073
3334 19.6891309
3623 19.6987229
3912 19.6976759
4201 19.7449082
4490 19.782537
4779 19.778217
172 20.1497143
461 20.1891017
750 20.1419635
1039 20.1019579
1328 20.0235441
1617 19.9751973
1906 19.9017267
2195 19.8505733
2484 19.7976457
2773 19.7308067
3062 19.6584314
3351 19.6841411
3640 19.7324357
3929 19.7790532
4218 19.8071269
4507 19.8310424
4796 19.8108648
189 20.1304453
478 20.1338381
767 20.0936705
1056 20.0508741
1345 19.9955063
1634 19.9156156
1923 19.8155222
2212 19.7593752
2501 19.7311637
2790 19.7260305
3079 19.6752727
3368 19.6819937
3657 19.7480933
3946 19.8349236
4235 19.880618
4524 19.9133894
4813 19.8566458
206 20.040466
495 20.0323588
784 20.0064996
1073 19.9636718
1362 19.9145139
1651 19.8735485
1940 19.7966389
2229 19.7490987
2518 19.7357925
2807 19.7629354
3096 19.7297678
3385 19.757911
3674 19.7981957
3963 19.899886
4252 19.8774909
4541 19.8744204
4830 19.8270303
223 19.9536552
512 19.9613609
801 19.9094994
1090 19.8662158
1379 19.9030502
1668 19.8262431
1957 19.7841663
2246 19.7404501
2535 19.7606651
2824 19.8244219
3113 19.8222412
3402 19.835316
3691 19.8450471
3980 19.8954822
4269 19.8893507
4558 19.865985
4847 19.7998543
240 19.8477963
529 19.8406023
818 19.8383941
1107 19.8252419
1396 19.8685489
1685 19.8378462
1974 19.8392355
2263 19.8375212
2552 19.8616679
2841 19.8670475
3130 19.8673741
3419 19.8731375
3708 19.9256723
3997 19.9061175
4286 19.8972735
4575 19.8450538
4864 19.7415296
257 19.7713648
546 19.8242709
835 19.8341594
1124 19.8859572
1413 19.9371187
1702 19.9321544
1991 19.902979
2280 19.8891435
2569 19.9295391
2858 19.9226335
3147 19.9050945
3436 19.9480947
3725 19.953128
4014 19.9231923
4303 19.8611375
4592 19.7941883
4881 19.7287283
274 19.8511692
563 19.8826444
852 19.9094289
1141 19.9623731
1430 19.9707423
1719 19.9583064
2008 19.9677827
2297 19.9842939
2586 19.959918
2875 19.9596003
3164 19.949665
3453 19.9232407
3742 19.9260869
4031 19.8715573
4320 19.8224608
4609 19.7173728
4898 19.7108556
