7 19.6473852
15 19.6947062
5 19.6568113
3 19.9799002
11 19.8190041
9 19.788088
13 19.7284549
0 20.5017055
300 19.8175946
294 19.6489798
289 20.4192203
296 19.651245
589 19.8132795
583 19.6313939
585 19.6641247
578 20.2149265
878 19.8051301
872 19.6175704
874 19.6876409
867 19.9770478
298 19.7911494
302 19.7267251
292 19.9430984
304 19.6950946
1167 19.7921011
1161 19.6215564
581 19.8502369
587 19.8000121
1156 19.7784538
591 19.7218604
593 19.6964487
1163 19.7217378
870 19.7412066
876 19.8123187
880 19.7145411
882 19.6992983
1159 19.6555103
1165 19.8239856
1169 19.7059613
1171 19.7043828
1452 19.7623544
1456 19.7737901
1454 19.8297291
1445 19.6563202
1450 19.6508804
1460 19.7124355
1741 19.8007207
1745 19.7512165
1743 19.8245634
1734 19.6178082
1458 19.6978726
1448 19.6175315
2030 19.8254901
2034 19.7272436
2032 19.8060183
2023 19.6484795
2319 19.8275978
2323 19.7063088
2312 19.718184
1739 19.7024682
1737 19.6325724
2321 19.776004
1747 19.6924821
1749 19.7238886
2028 19.7624493
2026 19.688197
2036 19.6921172
2038 19.7385368
2317 19.8106213
2315 19.7584621
2327 19.7552441
2325 19.6986391
2601 19.7885309
2608 19.8054872
2604 19.8126647
2606 19.8294404
2616 19.7718245
2614 19.7127023
2610 19.7410366
2612 19.693386
2895 19.8136151
2903 19.7330737
2899 19.7103761
3192 19.756327
3188 19.6928493
2890 19.8261974
2897 19.7670369
2901 19.6924316
3481 19.7772561
2893 19.8288298
3184 19.7733489
3179 19.8181661
3186 19.7264891
3190 19.7047812
2905 19.7852559
3182 19.8049821
3468 19.7765717
3475 19.698399
3479 19.728036
3471 19.7586007
3477 19.6936769
3757 19.7279118
3764 19.6920371
3770 19.790204
3768 19.7559848
3473 19.7284297
3194 19.7923275
4046 19.6967139
4053 19.7082492
4057 19.7800164
4059 19.7910845
3760 19.7147271
3483 19.7906581
4342 19.739223
4346 19.7920312
3762 19.6981032
3766 19.7123502
3772 19.7797661
4348 19.7792934
4051 19.6932345
4335 19.6949968
4055 19.7421957
4631 19.7712583
4635 19.7878919
4624 19.7197311
4049 19.692864
24 19.651587
4344 19.7721055
4061 19.7616984
4340 19.7131772
28 19.8175912
4637 19.7584494
313 19.6555905
4633 19.7905146
17 20.4185141
4338 19.699861
317 19.8161192
4629 19.7469014
602 19.6687986
4350 19.7408128
606 19.8116391
4627 19.7291281
891 19.692565
895 19.8032734
306 20.3438567
20 19.9431777
1180 19.7265206
30 19.726781
4639 19.7226695
26 19.7912694
309 19.9094483
1469 19.7663769
22 19.6493613
595 20.1580341
32 19.6951903
1184 19.7900561
1758 19.8033482
598 19.8243935
319 19.7250884
315 19.7941983
2047 19.8263505
321 19.6956091
608 19.7203416
884 19.9404561
2336 19.8267983
311 19.6424964
610 19.6970519
897 19.7132278
2625 19.8036176
600 19.6274516
1473 19.7716773
899 19.7000345
1186 19.7049463
604 19.8026579
887 19.7249473
2914 19.76493
889 19.6168865
1475 19.697243
1188 19.7052732
3203 19.7248905
1173 19.758803
1762 19.7492366
1176 19.648096
3492 19.6977328
2051 19.7256346
1465 19.6168548
893 19.8142781
3781 19.6923362
1178 19.623888
1462 19.648891
1477 19.7134701
1764 19.6923023
1182 19.8250014
1754 19.6360134
1467 19.6552219
4070 19.709214
2340 19.7052829
1751 19.6181293
2053 19.6924069
1766 19.7250206
2043 19.6931115
1756 19.7073802
4359 19.7403615
1471 19.829652
2629 19.6930649
2040 19.6526631
2045 19.7664617
2918 19.6928012
2329 19.7230038
2332 19.7625885
2055 19.7396819
1760 19.8234439
2342 19.6993534
3207 19.7056781
2618 19.7917114
4648 19.7720767
2334 19.8126951
2344 19.7562872
2049 19.8041491
2907 19.8268398
2621 19.8146117
3496 19.7291732
2633 19.7726377
2338 19.7738666
2631 19.7137207
41 19.6649068
2623 19.8293501
2910 19.8284326
3196 19.8167872
3785 19.7570185
2912 19.8119801
2627 19.7391629
2922 19.785726
4074 19.7806467
3201 19.7712319
2916 19.7091879
2920 19.7342061
3199 19.8031268
3490 19.7267931
3211 19.7923906
330 19.6692405
3205 19.6925445
4363 19.7921057
3488 19.7565398
3485 19.7744589
3500 19.7903285
3779 19.6974666
3777 19.7134118
3209 19.7573434
4652 19.7874634
3494 19.6941918
619 19.6831633
3774 19.7262596
4068 19.6936127
45 19.8130808
4063 19.6961333
4357 19.714196
3789 19.7791456
3783 19.7133926
908 19.7073156
4352 19.6954702
3498 19.7779391
4066 19.6926579
4646 19.7479995
334 19.8114369
1197 19.7404858
4641 19.7207997
3787 19.7904147
4078 19.7609569
4072 19.7433382
39 19.6324786
1486 19.7777987
34 20.2126378
623 19.806499
4361 19.7729262
1775 19.8104928
4355 19.7005849
4076 19.7908151
4650 19.7907511
912 19.797545
328 19.6281503
323 20.1564008
4365 19.7786778
4644 19.7302606
1201 19.7838451
2064 19.8282923
4367 19.7401443
4654 19.7577177
37 19.8505325
43 19.8000563
612 20.0150439
2353 19.8239975
1490 19.7653579
617 19.6197825
47 19.7219931
326 19.8245871
332 19.8025819
906 19.617759
4656 19.7222384
336 19.72041
901 19.8480154
621 19.8098193
1195 19.6325679
625 19.7160054
2642 19.7978752
615 19.7594975
910 19.819389
1484 19.6688669
1779 19.7434059
2931 19.758676
1190 19.7098905
914 19.7094906
49 19.6967818
1199 19.8273451
1773 19.7219466
904 19.6849016
3220 19.7202506
1479 19.6320319
2068 19.7209827
2062 19.7778738
338 19.6972857
1488 19.8288558
1193 19.6312564
3509 19.6958845
627 19.6989741
1768 19.6216514
1203 19.7020827
3798 19.6933261
1777 19.8197241
2357 19.7024075
2057 19.6659689
1492 19.6955139
4087 19.7121345
2351 19.8181918
1482 19.6177349
916 19.7023252
2066 19.7984057
2346 19.7371514
1781 19.6918999
2646 19.6922891
2355 19.76751
4376 19.7437562
1771 19.6474912
2635 19.8004978
2070 19.6933877
4665 19.7744993
2640 19.8285409
1205 19.7079923
2060 19.7078552
2924 19.8280838
2644 19.7337116
2935 19.6940475
2349 19.7743498
1494 19.716589
2933 19.7058201
58 19.6887875
3213 19.8123125
2638 19.8197104
2929 19.8068442
2359 19.7015778
3224 19.7084372
1783 19.7284039
3218 19.7649093
2927 19.8267316
3222 19.6917856
3513 19.7325843
3502 19.7681234
347 19.6933776
3507 19.7220422
3511 19.6958149
3802 19.760069
2648 19.7168229
2072 19.743083
4091 19.7824666
3216 19.7973999
636 19.7076901
2937 19.7376157
4380 19.7922686
3505 19.7504575
3800 19.7165192
3796 19.6957298
3791 19.7214951
2361 19.7593685
3226 19.760376
925 19.7313884
2650 19.7750226
4669 19.7861446
4089 19.7467113
4080 19.6946174
2939 19.7870847
4369 19.6970515
4085 19.6948675
3515 19.7799557
3794 19.7096722
4378 19.7753191
62 19.8045418
1214 19.7621432
4658 19.7240631
3228 19.7925414
4374 19.7172991
351 19.8026703
4667 19.7914147
4083 19.6922288
3804 19.7910148
1503 19.7944039
4372 19.7028635
4093 19.7899885
51 19.9731881
60 19.8120095
4663 19.7512789
3517 19.7893224
1792 19.8196951
640 19.7971396
4661 19.7336673
349 19.8138499
2081 19.8291798
340 19.9371581
638 19.819038
54 19.7418295
56 19.6194908
2370 19.8178224
3806 19.7772903
929 19.7874746
343 19.7254424
927 19.8252571
4382 19.7768284
4095 19.7587574
345 19.6184206
1218 19.7733106
2659 19.7877898
632 19.6851994
629 19.8462484
634 19.618601
1216 19.8288405
4384 19.738171
923 19.6273634
4671 19.7555274
918 19.7395251
2948 19.7485411
1507 19.7550059
1505 19.8255863
64 19.714752
3237 19.7132405
1796 19.7341927
4673 19.7209723
1212 19.6516049
921 19.6421281
1794 19.8122531
1207 19.6557929
66 19.6999619
1501 19.6929979
3526 19.693593
353 19.7133615
2085 19.7139594
355 19.7005943
1210 19.6183099
3815 19.695564
2083 19.7883178
1496 19.6190669
1790 19.7451898
1499 19.6273473
4104 19.7172541
2374 19.6984325
2079 19.7944693
644 19.7026505
1785 19.6345399
1788 19.669616
2663 19.6917534
2368 19.8246968
642 19.7095511
4393 19.7493297
2074 19.6898405
2952 19.6966958
2372 19.7570758
2077 19.7319236
4682 19.7782315
2363 19.7592517
3241 19.7133382
933 19.7065468
2366 19.7915838
75 19.7230181
3530 19.7382827
2657 19.8252591
1222 19.7128319
931 19.7040606
364 19.7274794
2661 19.7252463
2652 19.8124507
3819 19.7649261
2655 19.8255664
1511 19.7219759
653 19.7410153
2950 19.7010152
4108 19.7851431
1800 19.7340955
942 19.7623027
3239 19.6912674
2941 19.8278815
2089 19.7486628
1220 19.6981201
2946 19.7974879
2944 19.8221335
3230 19.803811
1231 19.7879772
2378 19.7642849
1509 19.6934211
3528 19.699027
3233 19.7873314
4397 19.7921917
3519 19.7576727
2667 19.7786805
1798 19.691949
3522 19.7407289
3808 19.7142787
3235 19.7545551
2087 19.6956164
2956 19.7889871
1520 19.8120971
3811 19.7042396
3817 19.7219137
3245 19.7924516
1809 19.8270063
4100 19.692251
4686 19.78372
4106 19.7522094
4097 19.692894
3534 19.7873883
4389 19.7070732
2098 19.8259644
4395 19.7789854
79 19.7910052
2376 19.7057004
3524 19.7148376
4678 19.7393615
4386 19.7002221
368 19.7889329
2665 19.7221926
2387 19.8066009
71 19.6565688
4675 19.7296348
657 19.782914
2954 19.7432742
360 19.6490145
68 19.7735666
4684 19.7921625
946 19.7727834
3243 19.7652149
3813 19.6936288
649 19.631988
2676 19.7730826
3823 19.7740674
1235 19.7586202
3532 19.7829828
4112 19.7550955
938 19.6187587
1524 19.7412396
3821 19.7916626
357 19.7543813
4401 19.7349961
2965 19.7352636
4102 19.6975243
4110 19.7883369
77 19.823041
1813 19.7225875
1227 19.6231202
4690 19.7190373
646 19.7068506
1516 19.6524337
4399 19.7736121
366 19.8239414
2102 19.7057774
4391 19.7226702
83 19.7054046
3254 19.7050723
1805 19.7035898
4688 19.7518917
655 19.8263665
2391 19.6946003
81 19.7062602
935 19.6544366
944 19.8282161
3543 19.6920434
372 19.7061892
370 19.7051552
2094 19.7628353
1233 19.8263544
3832 19.699859
661 19.7086754
4680 19.7565991
659 19.7022139
2680 19.6925351
1522 19.8175209
950 19.7131925
4121 19.7248462
1224 19.6216695
73 19.6242699
948 19.6981911
2969 19.7014978
2383 19.8102234
1513 19.6238653
3258 19.7207134
4410 19.7568517
2672 19.8285125
1802 19.6623196
362 19.6262255
1237 19.6943007
1239 19.7201446
1811 19.799718
2961 19.8125967
3547 19.7461762
4699 19.7827402
2091 19.7240666
651 19.6342326
3836 19.7711681
2100 19.7736066
1528 19.7298066
3250 19.7726425
92 19.7634527
1526 19.6921398
2380 19.7859006
4125 19.7881026
940 19.6524414
381 19.767172
1817 19.7420704
4414 19.7913557
3539 19.7282302
1229 19.683906
2389 19.743139
2669 19.8234809
4703 19.7798829
2106 19.7561911
3828 19.6983675
670 19.7781774
1815 19.6934829
2958 19.8233612
4117 19.6937579
1518 19.7270925
3247 19.7903138
2395 19.7706243
959 19.7944212
96 19.7722167
2678 19.7148682
2104 19.6999025
1807 19.774115
4406 19.7137075
3536 19.7436363
2096 19.8121529
4695 19.747251
3825 19.7058125
2684 19.7830733
2385 19.8284786
1248 19.8119592
4114 19.692117
2967 19.6960266
88 19.6191178
2393 19.712235
385 19.7700658
2973 19.7908546
1537 19.8250974
2674 19.8171823
674 19.7639335
4403 19.7056559
2682 19.7300056
3262 19.7916018
1826 19.8276999
377 19.6183103
4692 19.7375785
2963 19.7832639
3256 19.6920666
2971 19.7510256
85 19.6510769
963 19.7539836
3252 19.7407874
666 19.6190383
3551 19.7841564
2115 19.8156276
1252 19.740744
3260 19.771438
3541 19.7063818
955 19.6284101
3545 19.704502
3549 19.7864558
1541 19.7254523
3840 19.7693103
374 19.6440483
2404 19.789231
3838 19.7918054
4129 19.7500121
3830 19.692339
2693 19.7542661
3834 19.729752
1244 19.653076
4418 19.7308223
2982 19.7203394
1830 19.7102788
4123 19.759561
1533 19.6945266
4707 19.7167214
663 19.6284565
4127 19.7854604
3271 19.69753
4412 19.7833868
1822 19.7463541
4119 19.7023354
4701 19.7924381
2111 19.7949513
3560 19.6927381
4408 19.730485
2119 19.6982213
100 19.7137744
94 19.8279744
952 19.6170982
4697 19.7636371
2400 19.8244256
4416 19.7688627
2408 19.6925603
383 19.8277874
90 19.6542081
2697 19.69593
3849 19.7070754
2689 19.8244528
4705 19.7468778
672 19.8270796
389 19.7147062
1241 19.6232374
379 19.6581958
678 19.7175992
961 19.8241706
98 19.6983026
4138 19.7350222
2978 19.7965423
387 19.6975751
1250 19.8167323
2986 19.7092322
1530 19.6538183
668 19.6711978
4427 19.7658122
676 19.6957689
1819 19.7054971
967 19.7226717
957 19.6945254
4716 19.7872195
965 19.6936211
3267 19.7538453
3275 19.7307532
1539 19.8027031
2108 19.7644987
1254 19.6922738
109 19.8013389
1256 19.7301474
1543 19.6931515
2397 19.8110859
398 19.803683
1246 19.7277953
3564 19.7559161
1832 19.6977211
1828 19.7814595
2686 19.8284109
687 19.8104261
3556 19.7145675
3853 19.7780817
2121 19.70711
2117 19.7547848
1545 19.7400664
4142 19.7905299
1535 19.7667775
2410 19.7216185
2975 19.8117761
2406 19.7270549
1834 19.7520617
3845 19.693795
976 19.8192783
4431 19.7891095
3264 19.7715663
1824 19.8028437
1265 19.8264419
4720 19.7743182
3553 19.7273276
2699 19.7402471
1554 19.8272763
113 19.7493699
2695 19.7043307
2123 19.7651581
4134 19.6979692
3842 19.697881
2988 19.7604455
1843 19.8177765
2113 19.8251435
4131 19.6937242
3277 19.778332
2132 19.7965253
2984 19.6925596
2412 19.7776828
4423 19.7231756
402 19.7473435
2402 19.8253109
2701 19.7873923
2691 19.8023547
4420 19.7140176
691 19.7416957
3566 19.7895566
2421 19.7661351
2980 19.7642836
2990 19.7918939
980 19.7328825
3855 19.7907255
4712 19.7569868
3273 19.6954788
3279 19.7893409
1269 19.7218023
4144 19.780905
105 19.6347128
4709 19.7477368
3269 19.7249993
3562 19.7129041
2710 19.7331479
102 19.6127996
3558 19.6984598
3851 19.7400193
394 19.6380537
1558 19.709988
4433 19.7624611
391 19.6135009
3847 19.693342
4140 19.7682098
3568 19.7792185
680 19.6182563
1847 19.6996636
4722 19.7406677
4429 19.7877147
2999 19.706148
683 19.6494383
2136 19.6935191
115 19.6931265
4718 19.7915164
969 19.6327494
972 19.671391
3857 19.7629001
4136 19.7100797
404 19.6928486
111 19.8220305
1261 19.7049991
4146 19.7436562
2425 19.6941398
400 19.820805
1550 19.7471471
1258 19.6619057
4435 19.7259886
3288 19.6928409
2714 19.7031678
689 19.8171792
1547 19.7057462
693 19.6923774
4425 19.7407288
3577 19.6972351
3003 19.7204146
978 19.8100728
1836 19.7570564
4724 19.7144423
3866 19.7178402
1839 19.7893926
1267 19.7981648
982 19.692385
4155 19.7474964
2125 19.8023797
3292 19.7432606
1556 19.7806912
4444 19.775301
4714 19.7717804
2414 19.8270138
117 19.7254414
1271 19.6938663
1845 19.7583138
2128 19.8198037
107 19.7061245
406 19.7264794
1560 19.697979
4733 19.7905985
2134 19.7336603
3581 19.7667379
2703 19.8224605
396 19.710713
1849 19.7057813
695 19.72965
2417 19.8278758
2138 19.717866
2423 19.7111513
2706 19.8103394
984 19.7350417
3870 19.784611
2992 19.7918035
2427 19.7339422
126 19.8254579
685 19.7246692
2995 19.7739208
3281 19.7487614
2716 19.7524925
4159 19.7914159
1273 19.7426737
3570 19.7110548
3284 19.7327469
2712 19.6959905
974 19.747136
4448 19.7847776
1562 19.7523307
415 19.8260496
3859 19.6927309
1263 19.7752519
3005 19.770699
1851 19.7633834
4737 19.7668203
1552 19.8032827
2140 19.7746539
3573 19.7021421
3001 19.6925632
704 19.8276022
3294 19.7848408
2429 19.7844095
1841 19.8232085
130 19.7254598
4148 19.6991664
3583 19.7912495
3290 19.7027336
993 19.8281499
3862 19.6925567
419 19.7237977
4437 19.7256773
2718 19.7905696
2130 19.8273124
4151 19.7060027
708 19.7193247
4726 19.7595344
3872 19.7876372
3579 19.7246034
4440 19.735535
119 19.6441035
1282 19.8247931
2419 19.811959
4729 19.7678039
997 19.7126986
408 19.6486873
1571 19.8145971
3007 19.7911661
4161 19.7742826
122 19.6907817
2708 19.7803348
3868 19.752291
697 19.6632751
2997 19.742045
4157 19.7772076
411 19.695641
3296 19.7849933
986 19.6888359
3286 19.7095342
4446 19.7909009
1860 19.795914
1286 19.7050389
4450 19.7544408
3575 19.6933189
700 19.710364
4739 19.733625
2149 19.7696678
4735 19.7885981
3864 19.6981606
1275 19.7245375
989 19.7343408
3585 19.7722477
1575 19.6979749
132 19.6930776
2438 19.7398818
4153 19.721273
1278 19.7649511
1564 19.7657051
128 19.8029734
421 19.6932773
4442 19.7529769
710 19.6942063
1864 19.6935627
4731 19.7800376
417 19.8009951
3874 19.7548703
2727 19.712947
1853 19.8033623
999 19.6964161
2153 19.6939735
1567 19.7964847
4163 19.7363582
2142 19.8264846
706 19.795343
124 19.766072
4452 19.7210028
3016 19.6957484
1856 19.8205527
2442 19.7009335
1288 19.7006727
3305 19.6933067
2145 19.8286659
2731 19.715009
413 19.7697914
995 19.7856134
2434 19.8162613
3594 19.7067343
3020 19.7349504
2431 19.8267489
4741 19.7127424
1284 19.7715166
2723 19.785863
3883 19.7321842
1577 19.7077729
3309 19.7574085
3012 19.7469896
1573 19.753463
2720 19.8033932
702 19.7806216
134 19.7401513
3301 19.7125657
3598 19.7773552
1866 19.7182807
4172 19.76136
3009 19.7647261
3590 19.6939025
3887 19.789389
423 19.7412161
4176 19.789688
3879 19.6965861
2155 19.7322013
1862 19.7330938
3298 19.7248929
991 19.7964628
712 19.7444226
4465 19.7778251
4168 19.7184754
2444 19.7486594
4461 19.7839545
1001 19.7497223
1280 19.8133498
2151 19.7134534
3587 19.6979818
2733 19.7657115
1290 19.7569249
2440 19.6985764
4750 19.7916359
3022 19.7804585
4754 19.7574325
4457 19.7502052
1579 19.7655696
3876 19.6927076
1569 19.8256473
3311 19.7895974
147 19.7049548
2729 19.6924836
4165 19.7094958
1868 19.7748017
3600 19.7904002
143 19.8269481
4746 19.7784154
436 19.7038708
4454 19.7403805
1858 19.8273782
3018 19.6978266
432 19.8258821
139 19.761195
3889 19.7818481
2147 19.8146232
2157 19.7833154
428 19.7653125
3307 19.7145912
721 19.8226957
2436 19.7879228
2446 19.7894328
4178 19.7654255
725 19.7011713
2725 19.7530999
2735 19.7913761
4467 19.7450998
4743 19.7718185
1014 19.6975913
717 19.777123
3596 19.7393458
4756 19.7263485
1010 19.8161828
3014 19.7196728
3024 19.7877342
136 19.7145444
1006 19.7943388
3303 19.6975196
3313 19.7780242
1303 19.6942798
149 19.6999905
1295 19.8127314
3602 19.7631491
1592 19.6927316
3885 19.7655373
438 19.7006299
1584 19.8263768
3891 19.7455191
1881 19.6946022
1299 19.8048157
425 19.7198079
1873 19.8290479
727 19.7028273
3592 19.6933053
4180 19.7286903
2170 19.701354
2162 19.8166839
4174 19.7851778
1588 19.7875729
4469 19.7165517
2459 19.7137466
2451 19.789834
1016 19.7069617
3881 19.7079457
2748 19.7312822
4463 19.7917161
4758 19.7122575
1877 19.7648754
714 19.7353364
3037 19.751814
4752 19.7829713
151 19.7567365
2166 19.7392162
2740 19.7544659
1305 19.7134982
1003 19.7592565
3326 19.7715933
145 19.7728745
440 19.7577156
2455 19.7150552
1292 19.7874993
4170 19.7358209
434 19.7706146
729 19.7606228
1581 19.8134864
3029 19.7203125
1018 19.7652813
4459 19.7661989
1594 19.7228013
1870 19.8292027
3318 19.6974607
3615 19.7859917
723 19.7643327
1307 19.7713151
4748 19.7870238
2744 19.6978235
3607 19.6927316
1012 19.7542338
141 19.8138379
1596 19.778066
3896 19.7071306
2159 19.8279472
1301 19.7408803
430 19.815641
3904 19.7909059
1883 19.7348947
4185 19.7350625
3033 19.692275
2448 19.8077421
4474 19.7657538
719 19.8205763
3322 19.7006964
2737 19.7732813
2172 19.7492051
1885 19.7845372
1008 19.8263436
1590 19.725529
3611 19.7215614
3026 19.7348208
4193 19.7844373
4763 19.7870437
1297 19.8293397
3315 19.7044279
2174 19.7894156
156 19.8151058
2461 19.7643638
3900 19.7491968
1586 19.8254839
2463 19.791225
445 19.8170788
1879 19.7103501
4482 19.7680645
2752 19.7886354
2168 19.6983249
1875 19.8116939
2750 19.7781872
3604 19.6915438
4771 19.746582
3041 19.7808918
2457 19.6927081
3039 19.787962
734 19.8222816
4189 19.7749592
164 19.6927402
2164 19.7875891
4478 19.7900451
1023 19.8281757
2746 19.6961075
3330 19.7682462
3328 19.7910918
453 19.6923581
1312 19.8309149
3893 19.6996455
4767 19.7891321
2453 19.7565244
3617 19.7860008
742 19.691758
4182 19.7248666
160 19.8044489
3035 19.7094054
3906 19.7729788
1031 19.6916195
3619 19.7522152
4471 19.7569595
449 19.8022995
2742 19.7251599
4195 19.7545519
3908 19.7354981
1601 19.8263173
738 19.7961613
4484 19.7350897
1890 19.8114307
4197 19.7214906
3324 19.7308805
1027 19.7857249
1320 19.6929259
4773 19.7196868
2179 19.7862065
4760 19.7828244
3613 19.7559644
4486 19.7134694
166 19.7144415
3031 19.7015184
1609 19.6968182
3902 19.7780411
4775 19.7136469
455 19.7154045
1898 19.704354
1316 19.7708487
4191 19.7904221
744 19.7185096
168 19.7730056
153 19.7853752
2468 19.7543857
1605 19.7521222
4480 19.7889835
2187 19.7161593
1033 19.7239274
3320 19.6922732
1894 19.7313565
4769 19.7742317
2476 19.7320155
1322 19.7317795
2183 19.7117073
162 19.7382663
442 19.7890428
2765 19.7505021
1611 19.7419722
457 19.7737703
2757 19.722889
2472 19.6972246
451 19.7362474
3609 19.7002543
731 19.7993093
2761 19.6918364
3046 19.6997663
3054 19.7688915
3898 19.7229652
1900 19.7540096
3050 19.6980122
740 19.7308419
746 19.7760013
3335 19.6914907
1020 19.8131965
2189 19.7668335
1029 19.7226742
1035 19.7794234
3343 19.7835036
4187 19.7526972
1309 19.8259019
1324 19.7835306
3339 19.7155088
1318 19.7128331
4476 19.7786771
1613 19.7875568
1598 19.831658
3628 19.7406788
3624 19.7005529
2478 19.7787669
4765 19.7910885
1902 19.7904872
1887 19.8254812
3632 19.7906261
3917 19.7668339
158 19.8319873
2191 19.7911519
2767 19.7876563
4206 19.7859925
3921 19.787836
2480 19.7884285
1607 19.7029793
3913 19.7240958
3056 19.7912795
4495 19.7917697
2176 19.8054076
4210 19.7752219
2769 19.7815481
1896 19.6953208
4784 19.7822545
447 19.8316344
3345 19.7879984
2465 19.7740954
2185 19.6923351
177 19.7659415
4499 19.7558606
3634 19.7774812
2474 19.6961987
4202 19.7541501
466 19.76353
3058 19.7704436
4788 19.7351651
3923 19.7611978
2763 19.7080066
2754 19.7386589
181 19.6925865
755 19.7568575
736 19.8302772
3347 19.7560241
3052 19.7269981
3043 19.7085286
470 19.6928956
3636 19.7402405
3341 19.7501166
4491 19.7798846
3332 19.6922505
4212 19.7423961
759 19.6943234
3925 19.7258419
3630 19.7722687
1044 19.7463428
3621 19.6944841
4214 19.7158207
3919 19.7875392
4780 19.7916665
1025 19.8262728
3910 19.714121
4503 19.7126478
4208 19.7912201
173 19.8305768
4199 19.7440816
1333 19.7328534
4501 19.7254448
4792 19.7174804
1314 19.8174223
1048 19.6973788
462 19.830222
4488 19.7732228
185 19.7859674
1603 19.8019112
1622 19.7179603
4497 19.7819036
4777 19.7903629
474 19.7864012
1892 19.7794472
1911 19.7040532
4786 19.7625218
751 19.828662
4790 19.7146889
763 19.7876235
1337 19.7027186
2181 19.7521289
2200 19.6941418
179 19.7082787
2470 19.724508
183 19.735084
468 19.7069195
1040 19.8241446
170 19.823012
472 19.7361825
757 19.7035643
459 19.8241654
1329 19.8144353
2489 19.6912648
1052 19.7893098
2759 19.7026035
1626 19.7109651
761 19.7396264
1046 19.699015
748 19.8269488
1618 19.7978651
1335 19.6945146
1915 19.7224594
1037 19.8287393
1341 19.7909099
1624 19.6916813
2204 19.7369703
1326 19.82592
2778 19.6975815
1630 19.7916695
1050 19.7453711
3048 19.6921054
1907 19.7744816
1913 19.6923242
2493 19.753423
1615 19.8151522
1339 19.7531998
2202 19.6980803
1904 19.7949368
2196 19.7468031
3067 19.7133765
3337 19.6963544
2491 19.7098855
2485 19.7196926
3356 19.7363253
1919 19.7907017
3626 19.7147424
2780 19.7273844
1628 19.7626029
2782 19.7697693
2774 19.699214
3645 19.7614383
2193 19.7668519
1917 19.77267
3915 19.7421271
3063 19.6907899
3071 19.7831565
3934 19.782054
2482 19.7357573
2206 19.7820448
4204 19.7697873
2208 19.7871293
3360 19.7905077
3069 19.748493
2771 19.7086576
2495 19.7890088
4493 19.7881478
3649 19.7894754
3060 19.6925672
2784 19.7917463
4782 19.7906269
3352 19.6972509
4223 19.7919185
3938 19.779481
2497 19.7803022
3073 19.7887987
175 19.8154529
3641 19.7173842
3358 19.7694008
4512 19.7877329
3362 19.779619
464 19.8135495
3647 19.7852686
3930 19.7455394
3349 19.6921309
3651 19.765036
753 19.807874
3936 19.7916594
4219 19.7727826
4227 19.7623691
1042 19.7978097
4801 19.7709098
3638 19.7077485
4225 19.786308
3940 19.7473987
2786 19.7700583
4516 19.742262
4514 19.7704205
194 19.7256467
4508 19.7897585
4805 19.7245347
4803 19.7487137
3927 19.7347881
483 19.7237173
198 19.7055984
1331 19.7828226
196 19.6915191
4797 19.7905002
4229 19.7302458
4216 19.7643941
772 19.7186324
3075 19.7569597
487 19.70644
4505 19.7861786
1620 19.7631556
1061 19.7112073
776 19.7093934
3364 19.7424068
4794 19.7922839
1909 19.740451
485 19.6910227
1065 19.7147207
190 19.8058908
3653 19.7285417
4518 19.7175131
187 19.8144655
2198 19.7179579
1354 19.7226564
3942 19.7178989
476 19.8135961
1350 19.702776
2487 19.700083
1643 19.733231
765 19.8106704
774 19.69025
2776 19.6912969
1639 19.6951974
4231 19.7128404
1932 19.7460695
4807 19.7124718
479 19.8040776
1054 19.8041649
3065 19.6946728
1928 19.6907175
2221 19.7602054
1063 19.6899544
3354 19.7104936
2217 19.6916032
2510 19.7739858
1352 19.6912046
2506 19.699541
768 19.7985149
4520 19.7148828
200 19.7583811
2799 19.7851676
1343 19.7923577
3643 19.7354233
1641 19.6952141
1057 19.788561
489 19.7593833
1930 19.703079
1346 19.7737326
2795 19.7149101
1632 19.7744142
3088 19.7912956
4809 19.7240856
778 19.76248
3932 19.7627483
1921 19.7513681
1067 19.7674407
202 19.7924876
1635 19.754443
2210 19.7265091
4221 19.7840631
3084 19.7361533
3377 19.7903674
491 19.7925216
2219 19.7154119
4510 19.7922379
3373 19.7595654
3666 19.7816305
1924 19.7325899
2508 19.7319225
1356 19.7737762
3662 19.7798243
3955 19.7662007
780 19.7925491
2499 19.7048704
2213 19.7116481
4799 19.7845513
2797 19.7510676
1645 19.7806815
4244 19.7471631
2502 19.696078
2788 19.6918868
1934 19.7870212
4533 19.7289838
3077 19.6916313
1069 19.7922594
3951 19.7914177
2223 19.7913999
4822 19.7163517
3086 19.7699703
3366 19.7051742
2791 19.6901391
1358 19.7911573
192 19.7746827
215 19.7291662
4240 19.7906694
3655 19.7295902
1647 19.7886272
504 19.7302582
2512 19.7923551
4529 19.7775183
3080 19.6964294
1936 19.7840433
481 19.7722844
3944 19.7581106
3375 19.7848174
4818 19.7560358
3369 19.7145931
793 19.7338827
770 19.7654275
2801 19.7886802
2225 19.7769313
3658 19.7406768
3664 19.7918306
1059 19.7543772
3090 19.7798335
3953 19.7886243
4233 19.7818063
1082 19.7400334
211 19.6980088
3379 19.7663138
4242 19.7754258
3947 19.7676091
4522 19.7926925
2514 19.7671621
1371 19.7485162
1348 19.7398499
500 19.6969949
4811 19.7871601
2803 19.7551366
1660 19.7588174
789 19.694683
4236 19.787105
3092 19.7418988
1637 19.7233576
3668 19.7498452
204 19.7721798
4531 19.7555046
4525 19.7926937
1078 19.6919483
1926 19.7073834
3957 19.7332308
4814 19.7826349
4820 19.7344466
3381 19.7291095
1949 19.7699901
2215 19.6951863
4246 19.7198333
493 19.7705584
213 19.6929741
2238 19.7806074
4535 19.7127693
782 19.7657473
502 19.6932884
1367 19.6900923
3670 19.7188338
207 19.7588598
2527 19.7888459
2504 19.690156
1071 19.7572635
1656 19.6906932
3959 19.713144
2816 19.7927569
496 19.7568336
4248 19.7135924
1945 19.6953368
4824 19.7140053
2793 19.6948183
791 19.694886
1360 19.7448928
2234 19.705202
785 19.7509309
3082 19.7097468
1080 19.6983061
4537 19.7206669
2523 19.7205441
1074 19.7413452
3105 19.7907374
3371 19.7327497
1369 19.7042156
1649 19.7293809
2812 19.7402098
217 19.7790683
3394 19.7821115
1658 19.7132
1938 19.7128781
4826 19.7333788
506 19.7797522
3683 19.7676313
1363 19.7287356
2227 19.6988295
3101 19.7614048
219 19.7903018
795 19.7818576
3660 19.7587598
2516 19.6912177
3972 19.74965
3390 19.7799739
508 19.7899442
1947 19.7254999
1084 19.7850367
2805 19.6933336
3679 19.7913599
797 19.7888229
1373 19.7886511
1652 19.7145967
2236 19.7407165
3968 19.7921238
1086 19.7867008
3949 19.7808165
1662 19.7917853
4261 19.7318005
2525 19.7575637
1941 19.7014093
4238 19.7922096
4550 19.718188
2814 19.7737902
3094 19.7064404
2230 19.6923737
4527 19.78917
4839 19.7122913
3383 19.7287717
1375 19.7832277
2519 19.6906819
4257 19.7814912
1951 19.7933211
3672 19.7553218
2240 19.7920975
4546 19.7621376
1664 19.7780269
4816 19.772803
3103 19.7864235
232 19.7569551
3961 19.7788249
1953 19.7708188
2529 19.787158
4835 19.7396684
3392 19.7924271
2808 19.6984782
2242 19.7615692
209 19.7296176
3681 19.7896908
2818 19.7780557
228 19.6921523
521 19.7579568
3097 19.7158031
498 19.727689
3970 19.778031
810 19.7612428
4250 19.7920091
3386 19.7399057
787 19.7224109
1099 19.7665809
4539 19.7904999
2531 19.7506304
3107 19.7651429
517 19.6921031
3675 19.7653444
1076 19.7145207
4828 19.7749882
2820 19.7388364
3396 19.7497377
4259 19.7597246
806 19.692627
1388 19.7734419
3109 19.7275028
3685 19.734065
221 19.723007
1095 19.6944106
4548 19.7392102
3964 19.7852048
1365 19.7053025
3398 19.7182943
4837 19.7219484
1384 19.6983757
1677 19.7809421
3974 19.7209164
1654 19.696648
4253 19.7933755
230 19.7119465
1966 19.7878401
510 19.7218258
1943 19.6909424
4542 19.7871187
2255 19.7926291
799 19.7185527
3687 19.7129481
2232 19.6906735
1673 19.7054638
4831 19.7686114
4263 19.7130606
1088 19.7132699
3976 19.7128769
519 19.7127938
2544 19.7937573
1962 19.7163386
4552 19.7125129
4265 19.718722
2251 19.731022
4841 19.7198367
808 19.7159004
2521 19.6977686
224 19.714743
1377 19.7064497
4554 19.7299618
2833 19.7899774
2540 19.7485431
1097 19.7215081
2810 19.7127898
513 19.7134583
234 19.7915254
3122 19.7807724
1386 19.7297856
1666 19.699314
3099 19.7342415
802 19.7099158
3411 19.7667308
4843 19.7447192
1955 19.6939418
3388 19.7583252
1091 19.7046552
2829 19.7667437
236 19.7790602
523 19.7917446
2244 19.6929409
3118 19.7824286
525 19.7784067
3700 19.7497112
2533 19.6986831
812 19.7924507
1675 19.7406409
3407 19.7920053
3677 19.7794862
814 19.7764389
1380 19.6986993
1101 19.7932729
1964 19.7535217
3696 19.7925797
1390 19.793579
2253 19.7672555
1669 19.6936603
3966 19.791909
1103 19.7730347
4255 19.791654
2542 19.7800072
1958 19.6916411
3989 19.73266
2822 19.7123005
1679 19.7925483
4544 19.7785415
4278 19.7190541
2247 19.6948256
3111 19.7327846
3985 19.7831837
1392 19.7680426
4567 19.7120642
2831 19.789453
2536 19.7047846
3400 19.7565906
1968 19.7893109
4274 19.7655762
3120 19.7932359
4833 19.7567064
3689 19.7781283
2257 19.7831493
4563 19.7441257
4856 19.7136362
3409 19.7896701
1681 19.7613701
3978 19.7913111
2546 19.7737391
226 19.6995213
4852 19.724681
2825 19.7216686
1970 19.7530956
515 19.6985932
3698 19.7784985
249 19.7803763
3114 19.7435764
2259 19.7435771
2835 19.7613745
804 19.6963445
538 19.7809866
3403 19.7664531
2548 19.7335284
1093 19.6935735
827 19.7830627
245 19.7087828
3987 19.761381
3692 19.7848266
4267 19.791838
3124 19.7471068
4276 19.741817
534 19.7094162
2837 19.724027
4556 19.7792509
1116 19.786246
3413 19.7327224
823 19.7118853
4565 19.7244066
4845 19.7575992
1382 19.6915212
3702 19.7205126
3981 19.79344
3126 19.7164249
1112 19.716559
1405 19.7898504
1671 19.6917659
238 19.6916638
4270 19.7893355
3415 19.712151
4854 19.71363
1694 19.7928852
1960 19.6959687
4559 19.7734345
3704 19.7124141
3991 19.7128424
1983 19.794155
1401 19.7238197
2249 19.7054354
247 19.7416684
527 19.6915432
4848 19.7506643
1690 19.7338583
4280 19.7115786
3993 19.7178491
536 19.7426335
816 19.6915022
2272 19.7924507
1979 19.7464329
4569 19.7174953
825 19.7460055
1105 19.6917009
2538 19.7205469
2268 19.7606361
241 19.6930706
4858 19.7298085
4282 19.7281804
1114 19.7517367
1394 19.6925712
2827 19.740214
251 19.7918055
4571 19.7420086
1403 19.7595472
2561 19.786828
3116 19.7616072
540 19.7915432
4860 19.7568447
1692 19.7688029
2557 19.7747616
530 19.6929024
3405 19.7804399
1683 19.6949847
253 19.7609144
829 19.7908305
2846 19.7863941
2850 19.7769277
1972 19.7002099
819 19.6926996
3694 19.7919809
3135 19.7928312
2261 19.709548
1108 19.6929341
3139 19.7632571
1981 19.778429
1397 19.6943924
3428 19.747321
1118 19.789367
2550 19.7236919
3424 19.7918409
542 19.7601301
2270 19.7869089
3983 19.7926596
1407 19.7866676
2839 19.7420181
1686 19.6981508
2559 19.7924299
1696 19.7821711
4272 19.7816867
3128 19.7621367
2848 19.7932133
1985 19.7754035
4561 19.7618547
3713 19.7825668
3717 19.7315108
831 19.7578156
3417 19.7800436
1975 19.7053853
4002 19.7662154
1120 19.7539743
4006 19.7187111
4850 19.7389615
3137 19.7880098
2264 19.7169678
4291 19.7461385
1409 19.7486563
4295 19.7116729
2274 19.7661733
2553 19.7329163
3706 19.7910879
3426 19.7766447
4580 19.7271437
243 19.6951656
2563 19.7547559
3995 19.7916226
4584 19.7122723
1698 19.7420325
3715 19.7604042
2842 19.7518858
2852 19.7420123
4284 19.7807259
532 19.6952677
4004 19.7420497
4869 19.7141992
821 19.6960382
3141 19.7293868
4873 19.7208319
1987 19.7344746
3131 19.7709747
262 19.7399813
4573 19.7610976
266 19.7915145
2276 19.7266147
3420 19.7861187
551 19.7408169
555 19.7915753
2565 19.719355
1110 19.6980517
4293 19.7253491
3430 19.7187482
3709 19.793185
4862 19.7385149
4582 19.7141911
840 19.743787
3719 19.7120692
844 19.7920081
1399 19.702112
255 19.6901458
4871 19.7115053
4008 19.710983
544 19.6910829
2854 19.7138046
1688 19.7090858
3998 19.789532
4297 19.7162937
1129 19.7489361
4287 19.7753985
264 19.7710688
833 19.6941524
3143 19.7111322
4586 19.7275534
1418 19.7561406
1133 19.7924559
4576 19.754355
3432 19.7123394
4875 19.7428514
1977 19.7196304
1707 19.7649712
4865 19.7324363
3721 19.7179828
553 19.771735
1122 19.6992701
1422 19.7922823
268 19.7795022
4010 19.7278973
842 19.7741516
1411 19.706384
258 19.700557
1711 19.7906577
1996 19.7745674
4299 19.7409974
2266 19.7338209
1131 19.7780762
1700 19.7155798
2000 19.7867211
557 19.7788826
2555 19.7507635
2285 19.7835753
1989 19.7270309
547 19.7013388
1420 19.7829607
846 19.7771455
2844 19.7683591
2574 19.7902208
836 19.7038891
4588 19.7552564
2289 19.7798065
1135 19.7741218
2863 19.7925878
1125 19.708368
3133 19.7834313
1709 19.7879171
4877 19.7679554
2278 19.7407277
2578 19.7696964
1424 19.7695549
270 19.7402606
2567 19.7560539
1998 19.7917524
2867 19.7568403
1414 19.7150028
2856 19.7714134
3152 19.7891152
2287 19.7931017
3422 19.7923758
559 19.7395366
3156 19.7424613
1713 19.7632147
3145 19.7841837
3711 19.7922954
3441 19.7792148
1703 19.7240416
2002 19.7550473
4000 19.7822691
1992 19.7355931
3730 19.763788
2576 19.7906798
848 19.737443
2291 19.7453271
3445 19.7284857
2281 19.7493406
3434 19.7912164
4289 19.7641648
4019 19.7453764
1137 19.7340868
2865 19.783633
3734 19.7172616
1426 19.7296747
3723 19.7898866
3154 19.771918
2580 19.7347637
4023 19.7110893
2570 19.7642161
4012 19.7793521
4578 19.7424862
3443 19.7565823
1715 19.7245622
4308 19.7277734
4312 19.7116374
4867 19.7231804
2869 19.7245176
2859 19.7782131
4301 19.7614152
4597 19.715132
260 19.7157361
3158 19.716093
3148 19.7885519
4886 19.7108007
2004 19.7192957
3732 19.7398022
3447 19.7111011
3437 19.7923302
4601 19.7193671
4590 19.7404365
2293 19.7146215
549 19.7165065
279 19.7720023
3736 19.7109154
4890 19.733121
2582 19.7114409
4879 19.7221888
4025 19.7162749
283 19.7865227
4021 19.7245856
3726 19.7875701
838 19.7191636
272 19.7152374
4314 19.7269186
568 19.772548
2871 19.7106982
572 19.7860769
1127 19.7239287
4310 19.7141497
4015 19.774284
857 19.7745745
1416 19.7310162
4599 19.7110928
561 19.7167857
4304 19.7550134
1146 19.7779067
3160 19.7132039
4603 19.7413638
4593 19.7344486
4888 19.7165595
861 19.7850304
3449 19.719414
1435 19.7821151
850 19.7215779
4892 19.7569565
1705 19.7404921
1150 19.783136
3738 19.7292041
1139 19.7291537
285 19.7584079
1439 19.7799662
1428 19.7388347
1994 19.7520772
4882 19.7181609
574 19.7576541
281 19.7887595
1724 19.7864747
1728 19.7750268
2283 19.7649247
570 19.7888601
4027 19.7416978
275 19.7303704
2013 19.7899691
1717 19.7498661
2572 19.7774652
859 19.7895675
564 19.7315884
2302 19.7913734
4316 19.7552257
863 19.7555671
1148 19.7905935
853 19.7353229
2017 19.7679287
2006 19.761465
1152 19.7521204
4605 19.7674923
2591 19.789448
2861 19.7874584
2306 19.7585892
2295 19.7727288
1441 19.7472869
4894 19.7759942
2595 19.7474092
2584 19.7824639
1730 19.7411337
1437 19.7913692
3150 19.7923781
1142 19.7413541
2880 19.7832505
1726 19.7910896
3439 19.790145
1431 19.7493012
3169 19.7725202
2884 19.7353682
2015 19.7888331
287 19.7226125
2873 19.789096
3728 19.7800225
1720 19.7586364
3458 19.7580181
2019 19.7339349
2304 19.7837592
576 19.722114
2009 19.7686416
2308 19.7262652
3173 19.7239864
3162 19.7908469
865 19.7207224
3747 19.7416619
2597 19.7190307
3451 19.7862621
4017 19.763299
3462 19.7151264
1154 19.718604
2593 19.7753622
2298 19.7783059
2886 19.7134063
3740 19.7749641
4306 19.7433604
3751 19.7106429
4036 19.7263214
2882 19.7637344
4595 19.7249856
2587 19.7862369
4325 19.7152461
3171 19.7497572
1443 19.7160454
4884 19.7130347
2876 19.7907169
3175 19.7106654
4040 19.7119303
4614 19.7112264
4029 19.7582912
3460 19.7351352
1732 19.7134757
3464 19.7119166
3165 19.7900222
2021 19.711473
4318 19.7394235
4329 19.719451
3753 19.7177853
2310 19.7107327
4607 19.7227819
4618 19.7323642
277 19.7499978
4903 19.7156956
4042 19.7281068
3749 19.7222049
4907 19.748399
566 19.750879
4896 19.7128181
3454 19.783013
4038 19.713505
8 19.7171565
855 19.7537538
2599 19.7119849
3743 19.7698166
297 19.7217541
4327 19.7111691
1144 19.7585085
4331 19.7417176
4032 19.7522794
586 19.7357437
1 20.4214264
12 19.7774572
2888 19.715857
4616 19.7162617
4620 19.7564502
4321 19.7338728
290 20.3464294
4905 19.7282301
4909 19.7694242
4610 19.718948
1433 19.7648463
579 20.1597535
10 19.8265173
14 19.696781
3177 19.7226975
301 19.7752957
875 19.7578868
1722 19.77223
4899 19.711519
1164 19.7848689
3466 19.7323903
868 19.9412462
590 19.7689983
299 19.8271099
2011 19.7798174
1453 19.8106702
303 19.6961062
879 19.7586756
3755 19.7442095
4 19.7802145
1157 19.758862
2300 19.7864191
588 19.8285433
293 19.7602168
592 19.6943921
1168 19.7448057
4044 19.7567739
1742 19.8273711
1446 19.6485
877 19.8287995
582 19.7106387
881 19.692404
1735 19.6175618
2589 19.7905453
1166 19.8249479
1170 19.691331
2031 19.8278233
1457 19.7286046
4333 19.7681622
2878 19.7906198
2024 19.6521518
871 19.6557268
2320 19.8092625
1746 19.7122731
4622 19.7762312
3167 19.7853983
1455 19.8140836
2035 19.6989053
1459 19.692637
2609 19.7756708
4911 19.7791173
1160 19.6207772
2313 19.722715
1744 19.7946673
1748 19.6977927
1449 19.6216045
3456 19.7745144
2602 19.7917099
2324 19.6919416
2033 19.7677885
16 19.7193392
2037 19.7078739
2898 19.73702
1738 19.6597091
2891 19.8270707
3745 19.7589551
2322 19.7376363
2613 19.6942188
3187 19.7055933
2326 19.7230713
4034 19.7412041
305 19.7203607
3180 19.817113
2902 19.7068437
3476 19.6913643
4323 19.7248777
594 19.7234415
2027 19.7220628
3765 19.6983977
3191 19.7282544
2611 19.7107086
883 19.7287424
2615 19.7422358
2316 19.7851299
3469 19.7747419
3480 19.7539114
2904 19.7626663
2605 19.8240254
3758 19.7264239
3769 19.7770481
4612 19.71387
3193 19.7803796
4054 19.7232482
2900 19.6939029
4058 19.7906506
1172 19.7364035
4047 19.6961735
4901 19.7112244
2894 19.8247617
4343 19.7557717
3189 19.6921581
6 19.6172597
1461 19.7463545
3482 19.7910248
4632 19.7826006
3478 19.7064321
1750 19.7580991
3183 19.7918608
295 19.6171902
4336 19.6954259
4347 19.7901884
3767 19.7326841
3771 19.7913307
3472 19.7447473
25 19.7219918
4625 19.720724
4056 19.76243
2039 19.7705373
4060 19.7805854
3761 19.7062344
18 20.3459205
4345 19.7852386
584 19.6200765
4349 19.7614019
4636 19.7758424
307 20.2778444
873 19.6322748
4638 19.7392382
2328 19.7819168
4634 19.7927726
4050 19.6919081
314 19.7265405
29 19.7753099
1162 19.6594942
31 19.6961966
2617 19.79001
318 19.7731492
320 19.6955656
2906 19.7925764
4339 19.7050547
1451 19.7023793
607 19.7668696
596 20.1076985
27 19.8271405
603 19.7403379
4628 19.7368519
885 19.9076812
3195 19.7880588
316 19.8276094
892 19.7620274
609 19.693983
21 19.7604953
1174 19.7409761
1740 19.7539887
605 19.8286897
1181 19.7881804
896 19.7566123
1463 19.6420408
2029 19.8006791
3484 19.776314
898 19.6922064
1185 19.7428955
894 19.8284077
1470 19.8127581
310 19.7422753
2318 19.82713
3773 19.7590639
1187 19.6914088
1752 19.6183544
1474 19.7269717
1759 19.8279873
1476 19.6930274
2041 19.6564873
1763 19.7110571
2048 19.8270265
1765 19.6984943
1183 19.8239204
2052 19.6982269
2607 19.8240516
4062 19.7397879
2337 19.8074685
599 19.6973251
1472 19.8124571
2054 19.7088365
4351 19.7229812
2330 19.7274902
2896 19.7939761
2626 19.7735361
1761 19.7926356
888 19.6483022
4640 19.7129591
2341 19.6918632
3185 19.7505709
2619 19.7947564
1177 19.6189268
2343 19.7241906
33 19.7204246
3474 19.7119213
1466 19.6239369
2908 19.8275827
2050 19.7656764
2632 19.7433599
2915 19.7352138
3763 19.6925767
3197 19.8156621
2630 19.6947108
2921 19.7636172
3204 19.7045836
4052 19.6983167
2339 19.7358208
322 19.7214549
3493 19.6913059
3210 19.7809922
1755 19.6642827
2628 19.7095129
2919 19.7077694
4341 19.7246414
611 19.7245591
3782 19.6991307
2917 19.6935044
3486 19.7726212
3208 19.729381
900 19.7298848
2044 19.7268343
3497 19.754953
3775 19.7248035
3499 19.791195
2333 19.7884255
1189 19.7375521
4630 19.7587541
4064 19.6956353
3788 19.7910566
2622 19.825026
23 19.6175878
4071 19.7243792
3206 19.6925379
4077 19.7799795
312 19.6179812
4360 19.7568158
4353 19.6959321
3495 19.7073772
3786 19.7777394
1478 19.7474673
4366 19.7606621
4649 19.78316
2911 19.8237242
3784 19.73384
1767 19.7591115
4075 19.7908322
601 19.6220647
4073 19.7634014
42 19.736151
2056 19.7713692
4364 19.7898675
3200 19.789811
4642 19.7218065
4655 19.738587
4653 19.7751909
3489 19.7428331
2345 19.7824858
35 20.1582177
890 19.635717
48 19.6946761
4362 19.7857199
3778 19.7052118
324 20.1066201
1179 19.6640721
337 19.6941704
4651 19.7926609
331 19.7405093
613 19.976643
626 19.692961
1468 19.7072955
46 19.7689374
2634 19.7902515
44 19.8283654
1757 19.7582121
4067 19.6919733
2923 19.7924657
333 19.8284777
915 19.6917861
335 19.7667858
902 19.8229491
620 19.753613
3212 19.7876287
4356 19.7059299
624 19.7605715
622 19.8285365
909 19.773801
4645 19.7379883
913 19.7505274
3501 19.7756602
1191 19.6966596
2046 19.803301
1204 19.6917765
1198 19.7973654
1480 19.6277213
1493 19.6942948
38 19.7114892
1487 19.8182691
911 19.8267121
2335 19.8277376
1769 19.6230824
1202 19.7372925
1782 19.7006606
1200 19.8204339
3790 19.7583303
2624 19.8229251
1489 19.8073287
4079 19.7391358
2913 19.7919422
327 19.6978855
1491 19.7222243
2071 19.7117547
1776 19.8292049
2058 19.6701311
4368 19.7225499
1778 19.7864629
616 19.6650136
1780 19.7075786
2065 19.824228
4657 19.7128309
905 19.631451
2069 19.6963658
2347 19.7414515
2354 19.8019327
3202 19.7485932
2360 19.7275521
2636 19.8031386
1194 19.6167355
2067 19.7594152
2649 19.7467139
3491 19.7107081
50 19.7237043
2643 19.7671831
2925 19.8284634
3780 19.6923964
2938 19.7664374
339 19.7247572
2358 19.6917867
3214 19.8110054
3227 19.7827938
1483 19.632618
4069 19.6990116
3503 19.7662852
2356 19.7305507
2647 19.6963105
2932 19.7299543
628 19.7279189
3516 19.791678
1772 19.6784469
2936 19.7106207
2645 19.7061371
3221 19.7017256
2061 19.7407896
4358 19.7257606
3510 19.69125
2934 19.6924935
3792 19.7201425
917 19.7333011
3225 19.7327813
3805 19.7902248
4647 19.7597512
1206 19.7409688
2350 19.7975952
4081 19.6942432
40 19.6211163
3799 19.7013739
4094 19.7781718
3223 19.6937947
1495 19.7507615
4370 19.6976008
4383 19.7584648
3514 19.7580538
2639 19.8273543
329 19.6227066
4659 19.7250978
4672 19.736654
3803 19.7797646
3512 19.7102481
4088 19.7277528
2928 19.8202281
1784 19.7620946
4092 19.7913273
3801 19.7372735
4377 19.7598983
3217 19.7835956
618 19.6298716
2073 19.7738055
4090 19.7662428
4666 19.7847973
52 19.9387284
65 19.6929475
4381 19.788871
907 19.6471944
2362 19.784133
341 19.905539
1196 19.6782394
354 19.6926439
3506 19.737226
2651 19.7909203
630 19.8218149
59 19.75826
643 19.6920334
4670 19.7732213
1485 19.7218654
4379 19.7870903
3795 19.7023399
919 19.7239384
932 19.6918172
63 19.7584474
2940 19.7920872
4084 19.692328
348 19.76217
4668 19.7922816
352 19.7563471
4373 19.7086338
637 19.7737751
61 19.8281439
1774 19.7702972
3229 19.7863079
926 19.791046
350 19.8277126
2063 19.81044
641 19.7503406
1208 19.6484205
3518 19.7736874
1215 19.8100011
1221 19.6930499
2352 19.8289466
4662 19.7413927
3807 19.7561372
1497 19.6180174
1510 19.6969646
639 19.8262273
930 19.740796
2641 19.8191992
1786 19.6374377
1799 19.7046916
55 19.6572962
1219 19.7285247
2075 19.6942664
2088 19.7168721
1504 19.8247882
344 19.6495722
928 19.8221196
1508 19.7150232
4096 19.7372011
633 19.6321664
1793 19.8289748
2930 19.7857691
1217 19.8132824
4385 19.7212833
2082 19.8180546
1797 19.7025772
3219 19.7427661
1506 19.7979786
2377 19.733224
2364 19.7631078
4674 19.7124706
2371 19.7920872
3508 19.7072328
1795 19.7759501
922 19.6184931
67 19.7292918
2653 19.8144054
3797 19.691993
2666 19.7521925
2086 19.6940613
2942 19.8277105
2955 19.7708782
1211 19.6224993
2375 19.6923627
2660 19.7567533
3231 19.8022653
2084 19.7492713
3244 19.7854513
1500 19.6516566
2664 19.6994991
4086 19.7011709
356 19.7303698
2949 19.7218371
2373 19.7224215
1789 19.7028989
2953 19.7156532
3238 19.6977688
645 19.7335889
2662 19.7013237
4375 19.7291312
934 19.7390048
3527 19.691847
2951 19.6915774
3533 19.7921346
2078 19.7624383
4664 19.7627188
3520 19.7558754
1223 19.7465955
3242 19.7384687
57 19.6340086
3822 19.7885675
3809 19.7131123
3816 19.7055156
3240 19.6964536
2367 19.8102158
3531 19.7630182
4111 19.7750196
4098 19.6927203
3820 19.7828008
2656 19.8288345
4400 19.7548057
1512 19.7560968
3529 19.7153004
4109 19.7917968
2945 19.8130673
4387 19.7009023
346 19.6370572
1801 19.7668248
3818 19.7429565
3234 19.7730573
4398 19.7869476
4105 19.733437
635 19.647898
4107 19.7707055
2090 19.7775517
4689 19.7335479
4394 19.7648163
924 19.669317
4396 19.7890051
2379 19.7865195
4676 19.7306997
82 19.6921645
1213 19.7026932
4685 19.7913342
4687 19.7698304
3523 19.7284541
69 19.7557627
78 19.823604
371 19.6921285
80 19.7443701
358 19.7381765
3812 19.6983687
4683 19.7871739
1502 19.7451118
2668 19.7916732
660 19.6923048
4101 19.6935881
1791 19.7881426
949 19.6933327
4390 19.7134583
2957 19.7911405
367 19.8225319
76 19.7849164
2080 19.8196367
647 19.6947725
369 19.742408
1238 19.696147
4679 19.747007
3246 19.7838807
656 19.8192547
936 19.6476195
72 19.6230953
3535 19.7702924
365 19.7880073
1225 19.6198582
945 19.8125884
3824 19.7524976
2369 19.8287082
1514 19.6258451
654 19.7970309
1234 19.8010648
658 19.7368767
4113 19.7340926
1527 19.7017887
361 19.6209489
943 19.8096966
947 19.7282944
1803 19.6663736
2658 19.8117234
1523 19.7837594
1816 19.7111211
1236 19.7176529
650 19.6182256
2947 19.7752577
2105 19.7244616
1232 19.8219778
4402 19.7193475
1525 19.706571
3236 19.7335578
939 19.6232934
2394 19.7411987
2092 19.7283705
1812 19.7612059
4691 19.7120552
1228 19.6442942
2101 19.7359833
1521 19.828584
2381 19.7889417
84 19.7372509
3525 19.7022348
2390 19.7125696
1810 19.8244237
2670 19.8244948
1814 19.6973074
373 19.7383381
2683 19.7595238
2103 19.6924987
2099 19.806834
1517 19.6839599
3814 19.6920408
2679 19.6963264
2972 19.776465
2392 19.6945772
2959 19.8225419
4103 19.7051947
1806 19.7365403
3261 19.7883908
2388 19.7775108
2681 19.7049503
662 19.7415617
4392 19.73481
2095 19.7882641
3550 19.7920193
2968 19.6918604
3248 19.7885556
951 19.7469035
2384 19.8221772
2677 19.7428218
3257 19.7012663
3537 19.7419662
1240 19.7542307
4681 19.7674332
2970 19.7231594
2966 19.7119979
3826 19.7049249
3546 19.7228268
3839 19.7856848
1529 19.7631501
3259 19.746351
3255 19.6939551
74 19.6617884
2673 19.8263331
4128 19.7703398
3548 19.769444
3835 19.7507328
4115 19.6922091
363 19.6659854
2962 19.8008411
4417 19.7497255
1818 19.7728615
3837 19.7862831
3544 19.6940824
652 19.6795286
3251 19.7583636
2107 19.7820748
4124 19.7763149
4404 19.7064906
4706 19.7294799
2396 19.789068
3833 19.7120693
4693 19.7386579
4413 19.7908856
3540 19.7175781
4126 19.7916951
4122 19.7414244
86 19.6453089
4702 19.7893562
941 19.7032863
2685 19.7919543
4415 19.7837273
99 19.6937652
4411 19.7711573
3829 19.6945404
1230 19.7363353
4704 19.7649007
388 19.6940394
375 19.6391051
4118 19.6966718
1519 19.77404
2974 19.7891631
677 19.6951199
95 19.8119988
97 19.7280195
4700 19.7897119
4407 19.720756
3263 19.7800404
664 19.6256366
1808 19.8077184
384 19.8103234
3552 19.7653575
93 19.8101113
953 19.6169877
966 19.6975523
673 19.8054038
386 19.726323
4696 19.7546298
1242 19.6256201
382 19.8119923
2097 19.8269425
3841 19.7474787
675 19.7216434
1255 19.7020999
962 19.7965398
671 19.8173532
964 19.7146288
89 19.6246125
2386 19.8241498
1544 19.709546
1531 19.6578345
378 19.6266692
2675 19.7991853
4130 19.7300214
1833 19.7204144
1253 19.706409
667 19.6348586
2964 19.7605169
4419 19.7170305
1820 19.7099172
1251 19.7830142
960 19.8239115
4708 19.7118739
1540 19.7647823
2109 19.7680673
1249 19.8280165
1542 19.6986527
956 19.6532411
2122 19.7346351
1829 19.7431429
2398 19.8129215
1538 19.8254296
3253 19.7219584
1831 19.6934871
101 19.7474241
1827 19.8128037
2411 19.7512302
2120 19.6931808
2118 19.7210478
3542 19.6969684
2116 19.7894641
2700 19.7681519
1245 19.6847725
3831 19.693573
390 19.7484822
2687 19.8283364
2405 19.7585632
2989 19.782436
2409 19.699571
679 19.7515911
2407 19.7027646
2976 19.8103451
4120 19.711617
1534 19.727852
2694 19.7267433
968 19.7566486
2696 19.6928507
3265 19.769717
1823 19.7745895
2698 19.7133286
2985 19.6946871
3554 19.7259117
3278 19.7907972
2112 19.8122376
2987 19.733277
4409 19.7427722
2983 19.7022058
1257 19.7633979
3567 19.7906297
3274 19.7090115
3276 19.7560795
4698 19.7734537
3272 19.6919334
3856 19.7811227
1546 19.7713093
2401 19.8281999
91 19.7049619
3843 19.6973642
3561 19.6990969
1835 19.7794738
3563 19.7329649
4145 19.7639912
4132 19.6941249
2690 19.816696
3565 19.7766375
2124 19.7865692
4434 19.7433733
380 19.7095179
4421 19.7150018
2979 19.7827828
3850 19.7214723
3854 19.7893938
4723 19.7247975
4710 19.7487924
3852 19.7601785
3268 19.7404847
4143 19.79032
669 19.723482
4139 19.751469
4141 19.7823094
2413 19.7909691
4432 19.7788021
958 19.7460445
4428 19.7782175
4430 19.7919383
2702 19.7910385
116 19.6992003
4717 19.7916018
1247 19.7743848
103 19.6146987
3557 19.70633
2991 19.7856024
4721 19.7583787
110 19.826055
4719 19.785795
392 19.6157433
405 19.6997912
114 19.7117048
399 19.8264774
694 19.7017833
681 19.6213262
1536 19.8027716
403 19.7104193
688 19.8275577
3846 19.6925044
3280 19.7744719
970 19.6367687
112 19.7920056
983 19.7055932
1825 19.8231288
3569 19.7588295
4135 19.7026116
401 19.78992
2114 19.8276308
692 19.7070098
3858 19.7412628
4424 19.730744
690 19.7839536
977 19.8273775
1272 19.7117611
2403 19.8125236
1259 19.6665618
4147 19.7253353
981 19.7022004
4713 19.7637842
1266 19.8231421
1561 19.7207521
979 19.7739239
1548 19.7103685
1270 19.6971697
1850 19.7326965
1837 19.7608158
1268 19.7598686
4436 19.71475
106 19.6632551
1559 19.693516
2139 19.7471066
2692 19.7809256
4725 19.7123132
395 19.6675868
1555 19.8120902
1848 19.6930953
2428 19.7626539
118 19.7592364
2137 19.6976659
1844 19.7927918
2126 19.8045804
1557 19.7425459
2717 19.7771282
2426 19.7083482
2415 19.827396
2133 19.7663674
2981 19.7424586
1846 19.7238452
684 19.6813105
407 19.7602038
2704 19.8213458
2135 19.7068451
3270 19.7096558
973 19.7051573
2422 19.7369376
2993 19.7899531
3006 19.787716
3559 19.6931512
2424 19.6953381
696 19.7630124
1262 19.7380615
2715 19.725004
3295 19.7916613
3848 19.6978094
985 19.7674751
1551 19.7753117
2711 19.7108455
3004 19.7457493
3584 19.7872066
1274 19.7732152
3282 19.7470234
2713 19.692846
3293 19.7668893
3000 19.6947918
3571 19.7100385
3582 19.7835535
3002 19.7013615
3873 19.7744931
4137 19.7209031
3289 19.6935305
1563 19.7795831
1840 19.8082756
3860 19.6926572
3871 19.791097
3291 19.7202045
3578 19.7078943
4149 19.6998823
4160 19.7869124
3580 19.745458
4162 19.7559808
1852 19.7855972
3867 19.7338155
4438 19.7267702
4449 19.7718452
4426 19.7527504
4451 19.7360794
2141 19.7899646
2129 19.8267101
4738 19.750374
4740 19.7200155
4715 19.780049
2430 19.7912377
131 19.6985911
3869 19.7704586
4156 19.762906
133 19.7095221
108 19.7565153
4727 19.7605046
4158 19.7876139
422 19.7103869
4445 19.7849455
2719 19.7881267
2418 19.8233084
397 19.7604034
120 19.6498634
4447 19.7912246
4734 19.7918582
711 19.7131516
420 19.6978436
409 19.6544826
2707 19.7981139
3008 19.7799318
709 19.6960587
698 19.6690492
2996 19.7596304
127 19.8258151
4736 19.7801238
686 19.7719018
3297 19.7669696
998 19.6939581
1000 19.7180727
3285 19.7215405
975 19.7890764
3586 19.7508177
1289 19.7254242
129 19.7649076
1287 19.6926475
1264 19.8080715
416 19.8248305
987 19.6943704
1578 19.7353128
418 19.7627334
3875 19.7342134
705 19.8219016
1276 19.7294344
3574 19.6970863
1867 19.7474552
707 19.75667
994 19.8157828
1553 19.8231397
1576 19.6935074
1565 19.7694644
3863 19.694088
4164 19.720549
1854 19.8055502
4152 19.7122602
1865 19.6979701
996 19.7469982
1283 19.8048762
4453 19.7130486
1842 19.827878
4441 19.7432555
2154 19.7071541
2156 19.7609677
4742 19.7138252
2131 19.8177028
2443 19.7213851
2445 19.7742504
135 19.7715351
1572 19.7880654
2420 19.7925071
1285 19.734385
2143 19.8269416
2734 19.7850764
1861 19.7656718
4730 19.7735884
1574 19.7201754
2432 19.8257297
2150 19.7401127
3023 19.7909748
1863 19.7065607
123 19.7258752
2721 19.8015237
2732 19.7397223
2709 19.7577805
2439 19.7158243
2152 19.6964354
412 19.7304443
3010 19.7627771
3021 19.7596942
424 19.7723323
701 19.7440101
2998 19.7231663
3310 19.7774943
3299 19.7235061
3312 19.7899103
713 19.7746061
3287 19.6990463
3599 19.788817
2728 19.6982758
990 19.7651022
1002 19.7780961
2441 19.6928474
3601 19.7810969
3576 19.6927617
3017 19.6923123
3890 19.7656281
1291 19.7823316
3588 19.6974928
2730 19.6981016
3306 19.7003404
3877 19.6931055
3888 19.7902587
1279 19.790224
4179 19.7465798
3019 19.7127404
3865 19.7058675
3595 19.7209511
4166 19.7104845
1568 19.8134128
4177 19.7808191
3308 19.734751
4455 19.7415027
1580 19.786587
1857 19.8271659
4154 19.7331779
4466 19.7627616
4468 19.728416
1869 19.7898749
4443 19.7640586
4755 19.7412597
4757 19.7158222
3884 19.7485527
2158 19.7910199
4732 19.7861545
2146 19.825049
150 19.7248846
4744 19.7726239
4173 19.7745161
2447 19.7888503
125 19.8028169
148 19.6921142
439 19.7259249
3597 19.7594244
137 19.7209823
4462 19.7899693
4751 19.7894573
426 19.7260925
2435 19.8050246
2736 19.7825072
2724 19.7714517
414 19.8051257
728 19.7291596
3886 19.7802458
715 19.74108
437 19.6919727
144 19.8068432
3013 19.7341404
1004 19.7640517
1017 19.7346659
433 19.8048544
3025 19.7718127
4175 19.790898
3302 19.7047742
1293 19.790959
1306 19.7424321
722 19.7991812
703 19.8116942
726 19.6919859
3591 19.6925594
1582 19.8153358
1595 19.7522022
1011 19.7893789
3314 19.7575768
3880 19.7008858
1015 19.6927845
1884 19.7633111
4464 19.787807
992 19.8202316
1304 19.6952716
1871 19.8293977
2173 19.7745648
3603 19.7416955
1281 19.8269638
4169 19.7259111
1300 19.7750957
4753 19.7720042
2462 19.7842418
1570 19.8273133
4458 19.7574917
1593 19.7004621
1859 19.8173741
2751 19.7902984
4747 19.782691
146 19.734982
3892 19.7269296
2160 19.8267576
3040 19.7908168
435 19.7330916
1589 19.7566772
2148 19.7958362
140 19.7888218
1882 19.7092312
724 19.7280035
1878 19.7357232
2449 19.8057251
429 19.7919498
2167 19.7152848
4181 19.7163512
3329 19.7846355
2738 19.7711278
2437 19.7653839
2456 19.6994657
4470 19.7125621
3618 19.7719698
3027 19.7331454
718 19.8007714
4759 19.7168701
1013 19.7203265
2171 19.7219711
1007 19.8128735
3907 19.7547462
3316 19.7036067
2745 19.6924119
2460 19.7382101
4196 19.736418
152 19.7825557
3034 19.6969327
1302 19.7111258
2726 19.732562
2749 19.7563163
1296 19.8241562
4485 19.7212208
3323 19.7131685
3605 19.6916508
1591 19.7020238
1585 19.8294053
4774 19.7130449
3612 19.7377957
441 19.7830986
1880 19.6951683
3015 19.7058867
3038 19.7734741
1874 19.8237969
167 19.7440905
730 19.7845937
3901 19.7642775
2163 19.8050571
3304 19.6929497
3894 19.7004777
2169 19.6929543
4190 19.784521
3327 19.7861178
3593 19.6976379
456 19.7451569
4479 19.7917608
1019 19.7867347
2452 19.7752258
3616 19.7908835
4768 19.7835658
1308 19.789004
3882 19.7183647
3905 19.7858708
4183 19.7260299
2458 19.6974582
2741 19.740802
4171 19.7479293
1597 19.7906709
161 19.7732383
745 19.7484131
4460 19.7754624
450 19.7708878
1886 19.7908335
4194 19.7717095
3030 19.7108749
4472 19.7579987
2747 19.7096733
4749 19.7904129
2175 19.7885356
3319 19.6940116
3036 19.7287583
4483 19.7518436
2464 19.7829737
3608 19.6951784
3325 19.7516255
1034 19.7537593
142 19.8286594
739 19.7643738
4761 19.7833809
3614 19.7732266
3897 19.7137031
431 19.8289655
4772 19.7317465
1323 19.7609141
2753 19.7737757
3903 19.7877781
4186 19.7429069
720 19.8296143
165 19.6950181
4192 19.7907662
1028 19.7539556
4475 19.7718661
154 19.7902117
1009 19.8287255
454 19.6954577
4764 19.7893485
4481 19.7809793
1612 19.7693061
3042 19.7612817
743 19.6971665
443 19.793642
4770 19.7614726
1317 19.7402735
1298 19.8235991
732 19.8031492
3331 19.7467208
163 19.7086708
157 19.8271888
1901 19.777984
1021 19.8158432
3620 19.7321739
1032 19.7006032
452 19.7073843
1606 19.7246706
3909 19.7202603
741 19.7041708
1310 19.8270876
1321 19.7063554
1895 19.7093902
1587 19.8116334
446 19.8280429
4198 19.7135694
2184 19.6974536
735 19.830053
1599 19.8313574
2190 19.785597
1610 19.714957
1030 19.6997856
1876 19.7915982
1024 19.831045
4487 19.7139502
2473 19.6921085
2479 19.7905064
1899 19.7266452
1313 19.8278877
2165 19.7647942
1888 19.823951
2768 19.7910739
2188 19.7410791
1602 19.8174898
2454 19.7354329
1319 19.695413
3057 19.7861117
2762 19.6959055
4776 19.7218296
2477 19.7570918
2177 19.8031474
3346 19.7753949
1608 19.6926156
2466 19.7717237
1891 19.798195
2743 19.7098195
3635 19.7600453
1897 19.6931637
3051 19.7096312
2755 19.736744
2766 19.7725949
169 19.7901095
2186 19.6986867
3340 19.7314513
3032 19.6944973
458 19.7903294
3924 19.7425818
3055 19.7847835
2180 19.7710741
3044 19.7074478
2475 19.7101491
3629 19.7566974
4213 19.7265184
747 19.7908533
3321 19.6939914
2764 19.7272595
1036 19.7913687
4502 19.7155556
3610 19.7088991
2469 19.7403855
3344 19.7907385
3053 19.7480217
1325 19.7913769
3899 19.7349762
2758 19.7127417
3333 19.6921201
3633 19.7883638
1614 19.7902301
3918 19.7787017
3922 19.7773633
3622 19.6951635
1903 19.7872121
4791 19.712558
4207 19.7907985
4188 19.7637774
3342 19.7687145
4211 19.7598032
3911 19.7152722
3047 19.695155
4496 19.788962
184 19.7643932
3631 19.7845595
4200 19.7452701
4785 19.7738358
2192 19.7816796
473 19.7653069
4477 19.7851819
3920 19.7911256
178 19.7349437
2481 19.7732603
4500 19.7398856
4766 19.7913504
3336 19.6926529
4209 19.7860879
4489 19.77405
467 19.7328925
3625 19.7062566
159 19.8249488
4778 19.7906018
762 19.7680573
756 19.7274375
2770 19.7620747
3914 19.7319763
171 19.825305
1045 19.7192866
1051 19.7723978
4789 19.7228938
4498 19.7705459
4203 19.7613766
448 19.8235176
1340 19.7778384
4787 19.7491057
4492 19.7840645
182 19.7082481
1334 19.7096389
3059 19.7489154
460 19.8262296
180 19.6926916
471 19.7091355
1629 19.7835973
1623 19.7002553
737 19.8192338
760 19.71212
3348 19.7352979
749 19.8282991
4781 19.7917053
1026 19.8111113
3637 19.7233124
1038 19.8290395
1918 19.7885936
1315 19.7980037
469 19.6921876
1912 19.693393
1327 19.8250655
1049 19.7174321
174 19.8271427
1604 19.7793915
1616 19.8133062
1338 19.7252734
463 19.8259641
2201 19.6914945
2207 19.7915233
758 19.6913219
1627 19.7356457
1893 19.7562022
3926 19.7152547
2496 19.7910536
1047 19.6908147
1916 19.7481546
2182 19.7312721
1905 19.7924968
4215 19.7130783
1336 19.6917027
752 19.8221711
2205 19.7618292
2490 19.6966028
2471 19.7090973
4504 19.7177824
1625 19.6951908
2194 19.7643439
2779 19.7095939
2785 19.7861396
1914 19.7024073
2483 19.7336922
3068 19.7294469
4793 19.7288939
2760 19.6947894
2494 19.7750331
2203 19.7140493
3357 19.7528725
1041 19.8145508
186 19.7920464
3074 19.7764115
2772 19.7074006
2492 19.7299586
3646 19.7746596
475 19.7919137
3049 19.6924926
3061 19.6922608
3935 19.7889651
764 19.7913938
3363 19.7625162
2783 19.7855677
2781 19.7487479
3350 19.6926822
1330 19.8016945
4224 19.7913578
3652 19.7462589
3338 19.7037426
3072 19.7910509
1053 19.7902145
4513 19.7808317
3941 19.7304225
3627 19.7263121
1619 19.7828911
3639 19.7088682
4802 19.7606898
4230 19.7182353
3070 19.7676764
1908 19.7590269
3916 19.7540884
195 19.7040965
1342 19.7879682
3361 19.7895736
2197 19.7330631
4519 19.7125798
1631 19.784177
484 19.7028149
3650 19.7804744
3928 19.7360705
2486 19.7097337
4205 19.7784414
4808 19.7151287
1920 19.7783967
3939 19.7649306
2775 19.6944101
3359 19.7829915
201 19.7817948
4217 19.7654291
4228 19.7460356
3064 19.691436
490 19.7823865
2209 19.7703582
4494 19.7911136
4506 19.7866775
3353 19.7024392
773 19.6997278
4517 19.7282039
779 19.7841422
3648 19.7908517
4783 19.787706
3642 19.7251685
1068 19.7867273
3937 19.788676
2498 19.760132
176 19.7944228
4795 19.7921757
1357 19.7895472
4226 19.776415
2787 19.748276
1062 19.6956932
4806 19.716025
3931 19.7533885
188 19.8146775
4515 19.757077
1646 19.7917616
465 19.7920682
3076 19.7359104
199 19.7300566
1351 19.6920151
4804 19.7361003
3365 19.7246611
4220 19.7782875
477 19.813643
197 19.6917393
754 19.7853312
3654 19.7164348
1935 19.7923532
488 19.7311607
1043 19.7741681
766 19.8101972
3943 19.7130302
1640 19.6903392
777 19.7347209
4509 19.7914247
1055 19.8029734
4232 19.7156451
486 19.6920051
2224 19.7902765
1332 19.758843
4798 19.7882791
1344 19.790471
2513 19.7846883
4521 19.7243865
775 19.6933993
191 19.7934948
1066 19.7407222
1633 19.7720773
1929 19.6924282
2802 19.7752355
1064 19.6964598
480 19.7912978
1922 19.7489779
3091 19.7623263
1621 19.7404
1353 19.701872
769 19.7848022
2211 19.7244974
2218 19.6997731
4810 19.7379361
1355 19.7489758
1910 19.7210138
1058 19.7738322
2500 19.7035822
3380 19.7472838
2507 19.7130632
2199 19.7039656
1347 19.7585335
2789 19.6914916
2796 19.7316314
1642 19.710276
2488 19.6930962
1636 19.7399193
1644 19.7589905
203 19.7869391
2777 19.6917889
1925 19.7202494
1931 19.7220125
3669 19.7322801
1933 19.7698591
3078 19.6920884
3085 19.7530922
3066 19.7017323
2220 19.7368267
492 19.7864824
2214 19.7029714
2222 19.7802048
781 19.7850201
3958 19.7200011
3367 19.7062502
3374 19.77345
2503 19.6920939
2509 19.7535983
1070 19.7823625
4247 19.7130693
3656 19.73092
2792 19.6910865
3355 19.7218449
1359 19.7782543
2511 19.7882553
4536 19.7133362
3945 19.7592926
3644 19.7478199
2798 19.7702185
3663 19.7879042
4234 19.7825181
2800 19.7921009
3933 19.7727456
3087 19.7837731
1648 19.7724528
4825 19.7212107
3081 19.7015948
3952 19.7923334
1937 19.7648332
4523 19.7927938
218 19.7919863
3370 19.722369
4222 19.7890403
4241 19.7850032
3089 19.7901521
2226 19.7555089
3659 19.7488643
3376 19.7911436
4530 19.7676859
3378 19.7817138
2515 19.7449437
507 19.7921453
4819 19.7454828
4812 19.7867333
4511 19.7913071
3667 19.7674865
3948 19.7739563
4800 19.7788657
3956 19.7497528
796 19.7926002
205 19.7715641
212 19.6904766
3665 19.7899789
2804 19.7340184
4237 19.7899811
193 19.7508756
4245 19.732076
1085 19.7930066
4526 19.7916505
4534 19.7185132
494 19.7698467
1374 19.7927928
3093 19.7240134
3954 19.7797427
783 19.7647151
1663 19.7912265
501 19.6901309
482 19.7485567
3382 19.7164716
4823 19.7125307
4243 19.7623574
1072 19.7558181
1952 19.7875382
4815 19.7785464
1361 19.7431177
771 19.7421552
2241 19.7811026
3671 19.7129317
208 19.7459381
1650 19.7275175
790 19.6898249
2530 19.7716571
1060 19.7322829
4532 19.7420312
216 19.7557545
497 19.7438688
1939 19.7112519
2819 19.759513
1349 19.7200726
3960 19.7145569
2228 19.6977471
3108 19.7456887
1638 19.7073368
786 19.7379971
1079 19.6903144
4249 19.7217237
505 19.7567891
4821 19.7242031
1368 19.6926469
4538 19.733679
794 19.7600759
214 19.7065331
3397 19.7318946
4827 19.7484022
1657 19.6979641
2517 19.6908729
1083 19.7653872
503 19.7073649
1075 19.7288194
1927 19.6965656
1364 19.7173582
2806 19.6937493
3686 19.7203195
2216 19.6906262
1653 19.7053731
792 19.7103776
1946 19.7072144
2505 19.6921252
3095 19.7074587
3975 19.7132195
220 19.7747841
1372 19.7722179
1942 19.6953724
2794 19.7025361
4264 19.7123665
3384 19.7300914
1081 19.7158394
1661 19.7797253
3083 19.7213301
4553 19.7184696
2235 19.7207801
2231 19.6902756
1950 19.7867171
1370 19.7239757
3372 19.7454502
4842 19.7307219
509 19.7740959
1659 19.7347846
2239 19.7917285
3673 19.7565757
2524 19.7380783
2520 19.6927106
235 19.7918035
3661 19.7695225
798 19.7719789
3962 19.7796841
2813 19.7572727
2809 19.7040827
1087 19.7683532
4251 19.7922866
3102 19.7752897
2528 19.7932236
3098 19.723686
3950 19.787093
524 19.7915195
1948 19.7478335
1376 19.7631488
2817 19.7899305
4540 19.7902114
4239 19.7927869
813 19.7906697
2237 19.7620793
3391 19.7883269
3106 19.7812614
4528 19.7846248
1102 19.7889775
2526 19.7757893
3387 19.7482199
1665 19.7563812
4829 19.774335
3395 19.7676993
3680 19.792897
2815 19.786664
1391 19.7860111
3676 19.7720997
1954 19.7482392
222 19.722755
4817 19.7652757
3969 19.7871585
3965 19.7888217
2243 19.7391668
511 19.7215223
4258 19.7719815
3684 19.7509882
4254 19.793209
3104 19.7922448
210 19.7124054
1680 19.7812821
2532 19.7299141
3973 19.7339855
1969 19.7743896
3393 19.7905993
499 19.7108367
800 19.7180518
4262 19.7201347
2258 19.7651937
3682 19.7811152
4547 19.7511474
788 19.7067802
4543 19.7836968
2821 19.7215293
2547 19.7539826
3971 19.7650844
4832 19.7634211
3110 19.7152676
4551 19.7126446
2836 19.7415845
4260 19.7457473
1089 19.7125269
3399 19.7124045
225 19.7074107
3125 19.729372
4549 19.7276505
1077 19.7011067
3688 19.7139613
514 19.7062325
4836 19.7304346
4840 19.7135686
3414 19.7191215
803 19.703117
1366 19.695201
229 19.697967
233 19.7785253
1378 19.7055512
1092 19.6987683
4838 19.7154578
1655 19.6908995
518 19.698414
522 19.7792218
3977 19.7203823
1381 19.6943732
807 19.7004048
1667 19.6984552
3703 19.7127169
231 19.7328623
4266 19.7312321
1944 19.6902796
1956 19.6933612
520 19.7339152
3992 19.7117288
4555 19.7450186
2245 19.6928361
809 19.7375063
811 19.7814551
4281 19.7169405
4844 19.7592593
1096 19.7044309
1670 19.6915939
2233 19.6952411
1100 19.7848665
4570 19.7279318
2534 19.6991385
1959 19.6923828
2522 19.7069029
1385 19.7110675
1389 19.7887815
237 19.7574121
2811 19.7249462
2248 19.698549
1674 19.7207564
1098 19.7436189
1678 19.7922274
2823 19.7132502
4859 19.7428624
1387 19.7520273
1963 19.7335398
526 19.7566349
2537 19.7111166
3112 19.7340202
252 19.7806794
1676 19.7621651
3100 19.7471417
815 19.7542932
3401 19.7578135
541 19.7800563
1967 19.794019
1965 19.7730197
1104 19.7504206
3389 19.7693662
2826 19.7296369
2252 19.7487836
2256 19.7929343
830 19.7782327
3115 19.7517241
3678 19.7863795
2541 19.7649746
2545 19.7879794
3690 19.7790371
3404 19.7731367
3967 19.7933885
2830 19.7797171
2834 19.7787064
1393 19.7451278
2254 19.7831023
3979 19.7917002
1119 19.7750531
3123 19.7655054
3119 19.7900676
1682 19.7386618
3693 19.7886568
3412 19.7497638
1408 19.7702975
4268 19.7916702
4256 19.7879563
1971 19.7314639
2543 19.7905584
3701 19.7337888
1697 19.7637851
4557 19.7786681
3408 19.7932584
1986 19.7555074
3982 19.7937389
2832 19.7934672
4545 19.771374
3697 19.7876794
2275 19.7457631
4271 19.7864072
4834 19.7486543
4846 19.756862
2260 19.7242047
3990 19.7204461
3986 19.7737617
4560 19.7684856
2564 19.7352529
2549 19.7177755
3121 19.7903303
227 19.6934837
4279 19.7125512
239 19.692407
4275 19.7543154
2838 19.713219
3410 19.7806491
4568 19.7121275
528 19.6922503
3699 19.7653867
3127 19.7115889
4849 19.7453799
2853 19.7250956
516 19.6929476
817 19.6920491
4857 19.7197052
3142 19.7167331
4564 19.7340382
3988 19.7470807
805 19.691968
242 19.6934615
3431 19.7117135
4853 19.718278
1094 19.6913393
531 19.6933836
3416 19.7137425
250 19.791446
246 19.7229953
1106 19.6920422
3705 19.7200902
4277 19.7294583
820 19.6935269
3720 19.7113687
539 19.7916383
1383 19.6922146
1395 19.6927622
535 19.7238577
3994 19.7303485
4566 19.7165884
828 19.7923565
1684 19.6951612
4855 19.7117802
4009 19.7164353
4283 19.74337
1672 19.6959289
1973 19.7005335
1117 19.7932215
1109 19.6944476
4298 19.7266962
824 19.7269939
248 19.7621994
1961 19.7037051
1398 19.6969909
4587 19.7407524
1113 19.732574
2250 19.7162376
4572 19.7571433
1687 19.7021877
1402 19.7406518
1406 19.7935726
2262 19.7101381
537 19.7630842
4861 19.7690504
4876 19.7560535
1695 19.7925478
2551 19.7245704
2539 19.7332178
254 19.7383446
826 19.7661052
1976 19.7110126
1984 19.7892379
1691 19.750988
2840 19.7430874
1115 19.7710236
269 19.7613566
543 19.7376398
2273 19.7829052
2828 19.7529556
1404 19.7772918
558 19.7605855
2265 19.7239845
3129 19.7632006
3117 19.7723187
1980 19.7628733
847 19.7583673
2554 19.7406864
3406 19.7872135
832 19.7355518
2269 19.7750066
2843 19.759382
2562 19.7732378
1693 19.7840025
3418 19.7808681
1121 19.732207
2558 19.785506
2851 19.7605796
3132 19.7769754
1136 19.7546814
2847 19.7921423
1410 19.7278554
3695 19.793682
3140 19.7460594
3421 19.7895376
3136 19.7928366
1699 19.722906
3429 19.7315481
3710 19.7934422
3707 19.7914844
1982 19.7899015
3984 19.7893731
3999 19.7868157
1988 19.7179494
1425 19.7495262
3996 19.7915234
3718 19.7194036
4273 19.7747898
2271 19.7935001
4288 19.7706716
4285 19.780216
3425 19.7863526
2560 19.7933151
4562 19.7536228
1714 19.7430062
2277 19.7137471
2849 19.7882303
4851 19.7318513
4574 19.7603853
2003 19.735433
4007 19.7120157
2566 19.7111731
244 19.6997604
4577 19.7490724
2292 19.7274052
4296 19.7112221
2855 19.7111011
533 19.700116
3714 19.7729656
3138 19.7779114
4866 19.7280874
4585 19.7177128
4863 19.7378551
3144 19.7142393
4003 19.7548002
259 19.7072157
3433 19.7209312
3427 19.763149
2581 19.7198326
4292 19.7355936
548 19.7079725
4874 19.7305792
3722 19.7309566
822 19.7017189
3716 19.7459684
2870 19.7138748
256 19.6918952
4581 19.7198581
4005 19.729393
1111 19.7050804
3159 19.7107827
4011 19.7433861
545 19.6927909
267 19.7902025
1400 19.7108458
837 19.7105095
3448 19.7116509
834 19.6956778
556 19.7898886
4870 19.7116589
1689 19.7195934
1126 19.7150446
1123 19.7005372
845 19.7891203
4300 19.7565583
4294 19.7168472
263 19.7553756
1415 19.7218392
4589 19.7682528
552 19.7561781
3737 19.7171147
4583 19.7113122
1704 19.7310959
4878 19.7760969
1978 19.7315605
4026 19.7270518
4872 19.7144326
1412 19.7074029
841 19.7590486
1134 19.7876028
2267 19.7463261
4315 19.74037
1701 19.7164308
271 19.7220343
2556 19.7625404
1423 19.784846
265 19.784231
1993 19.7427688
4604 19.7549844
1990 19.7278201
1712 19.7802793
2845 19.7778514
1130 19.7638853
2282 19.7562973
560 19.7215432
2279 19.7415325
2001 19.7734257
1419 19.7703361
2571 19.7703557
554 19.7846414
849 19.7201201
1708 19.7777044
4893 19.7680795
2860 19.7827792
843 19.7862125
1138 19.7179455
3134 19.7891947
286 19.7393528
1997 19.7848981
1132 19.7886071
2568 19.7568805
2290 19.7641088
3423 19.7935299
575 19.7386529
1427 19.7153419
2857 19.7721855
3712 19.7889037
3149 19.7908419
2579 19.7526427
864 19.7366904
3146 19.7847689
2286 19.7904687
3438 19.7919643
1421 19.7911697
4001 19.7754599
2868 19.7399454
1716 19.7127849
3435 19.7914828
2575 19.7927894
3727 19.7847109
2005 19.7108912
1710 19.7929586
3157 19.727522
1153 19.7335542
2864 19.790397
2294 19.7103716
4016 19.7696905
4290 19.7558883
1999 19.7928569
1442 19.7294074
3724 19.7897672
2288 19.7897739
4579 19.7349733
1731 19.7245485
2583 19.7119366
3446 19.7172838
3153 19.7824602
4013 19.778888
4868 19.7183096
4305 19.7498773
3735 19.7112069
4302 19.7607539
261 19.7265854
2020 19.7194696
4594 19.7300641
3442 19.7692471
4024 19.7108748
2872 19.7161607
2577 19.7829229
4883 19.7155544
3731 19.7523989
3161 19.7233171
4591 19.7397857
2866 19.7721263
2309 19.7148843
276 19.7396138
4020 19.7348292
3450 19.7332131
550 19.7273941
3155 19.7580653
4313 19.7169871
2598 19.7116932
4880 19.7217475
839 19.7302395
3444 19.7423684
3739 19.7450678
2887 19.7108716
4602 19.7289506
273 19.7175564
565 19.7406619
1128 19.7352823
4309 19.7201814
562 19.7190483
4891 19.744698
1417 19.742602
854 19.7439495
3176 19.7132825
4028 19.7574855
284 19.7752355
1143 19.7493293
3733 19.7274582
4598 19.7119387
4317 19.7685808
4022 19.7161312
4887 19.7124073
851 19.7236087
3465 19.7194368
1432 19.7564908
4606 19.7762897
1706 19.7520429
4311 19.7109252
280 19.7818075
3754 19.7292473
4895 19.7788508
573 19.7745779
4043 19.7418424
1140 19.730838
4600 19.7134014
288 19.7126785
1721 19.7649305
1995 19.7630377
4332 19.7555204
1429 19.7401406
577 19.7124867
2010 19.7738878
2284 19.7744549
4621 19.767925
569 19.7821513
862 19.7728309
2299 19.782263
2573 19.7845554
4889 19.7235133
4910 19.7764858
858 19.7836018
1718 19.750835
2588 19.78859
866 19.7119699
282 19.7908784
1147 19.7859197
2007 19.7621767
2877 19.7911727
2862 19.791167
1436 19.7885859
571 19.7907038
1151 19.7698451
1155 19.7113165
2296 19.7732565
860 19.7905372
1444 19.7108457
3151 19.7921496
1149 19.7900831
3166 19.7884628
1725 19.7907978
1733 19.7109985
1440 19.7653791
1438 19.7887991
2585 19.7828401
2014 19.7915328
3455 19.7796457
1729 19.7592148
3440 19.7861021
1727 19.785983
2303 19.7896967
3744 19.7652402
3729 19.773096
2022 19.7123002
4033 19.7474097
2016 19.7809331
2018 19.7513122
4018 19.7550976
2874 19.7893037
2305 19.7731641
2592 19.7843642
4322 19.7297361
4307 19.7357942
2311 19.715288
2594 19.7626386
2307 19.741965
2881 19.7750864
3163 19.7908412
2883 19.7499528
2596 19.7319062
4596 19.7197668
3452 19.7860114
3172 19.7364079
3170 19.7621941
4611 19.7164093
2600 19.7203997
4885 19.7112251
3741 19.7744898
2885 19.7223164
4900 19.7110395
278 19.7610221
4030 19.7576847
3461 19.7239085
3459 19.7469867
2889 19.7278354
4319 19.73883
3750 19.7146666
3748 19.7316904
3174 19.7147033
567 19.7617404
3178 19.7374175
4039 19.710736
4608 19.7223579
3467 19.7484834
3463 19.71065
4897 19.7126811
4037 19.7191172
856 19.7642164
3752 19.7114596
2 20.2181156
4328 19.7134544
3756 19.7598578
1145 19.7683242
4326 19.7120512
4617 19.7229138
4045 19.7699465
1434 19.7737211
4615 19.7124795
4041 19.7177578
4906 19.7376174
1723 19.7797857
291 20.161251
4904 19.7208568
4334 19.7769821
2012 19.7855775
580 20.0183154
4330 19.729139
4623 19.7794099
869 19.8495
2301 19.7898516
4912 19.7763425
4619 19.743973
1158 19.7099143
2590 19.7911831
4908 19.7594961
1447 19.6311358
2879 19.7882451
1736 19.6204024
3168 19.7802311
2025 19.6648687
3457 19.7673195
2314 19.7365595
3746 19.7509882
2603 19.8005444
4035 19.7339788
2892 19.8286318
4324 19.7198117
3181 19.8130501
4613 19.7119179
3470 19.7687458
4902 19.7126088
3759 19.7218356
4048 19.6946628
4337 19.6968864
4626 19.7238016
19 20.1610463
308 20.1091152
597 19.9783169
886 19.8236892
1175 19.6966318
1464 19.6272105
1753 19.622393
2042 19.6695347
2331 19.7411421
2620 19.8031831
2909 19.8287816
3198 19.8114221
3487 19.7666309
3776 19.7203239
4065 19.6942512
4354 19.6974802
4643 19.7249099
36 20.017758
325 19.9779264
614 19.8773429
903 19.7588394
1192 19.6643584
1481 19.6195594
1770 19.6302035
2059 19.6838949
2348 19.7544088
2637 19.8103384
2926 19.8286316
3215 19.8062949
3504 19.7603473
3793 19.7159953
4082 19.6932269
4371 19.6993935
4660 19.7282609
53 19.8486569
342 19.822961
631 19.7584721
920 19.6845889
1209 19.6315493
1498 19.6183956
1787 19.6482355
2076 19.708421
2365 19.774565
2654 19.8195511
2943 19.8263254
3232 19.796949
3521 19.7501316
3810 19.7095488
4099 19.6922972
4388 19.7030614
4677 19.7339225
70 19.7090178
359 19.6958092
648 19.6638665
937 19.6314166
1226 19.6176404
1515 19.634044
1804 19.6798747
2093 19.7417485
2382 19.7978154
2671 19.8268726
2960 19.8193552
3249 19.7827372
3538 19.7366834
3827 19.7022196
4116 19.692567
4405 19.7090785
4694 19.7418872
87 19.630467
376 19.6266018
665 19.6192804
954 19.6184933
1243 19.6342965
1532 19.6710248
1821 19.7238393
2110 19.7789141
2399 19.8181306
2688 19.8275766
2977 19.8055064
3266 19.7637708
3555 19.721466
3844 19.695783
4133 19.6953811
4422 19.7179952
4711 19.751909
104 19.6201864
393 19.6222542
682 19.6304369
971 19.648908
1260 19.6807641
1549 19.7245117
1838 19.7722718
2127 19.8111641
2416 19.8283231
2705 19.817664
2994 19.7840576
3283 19.7415474
3572 19.7068483
3861 19.6924003
4150 19.7020442
4439 19.7300395
4728 19.7633227
121 19.6651791
410 19.6699644
699 19.6847761
988 19.7098412
1277 19.7434768
1566 19.7804811
1855 19.8120758
2144 19.8283353
2433 19.8226483
2722 19.7958124
3011 19.7567749
3300 19.7191905
3589 19.695913
3878 19.6942383
4167 19.7134133
4456 19.7448064
4745 19.7749088
138 19.7372374
427 19.741992
716 19.7558039
1005 19.7766076
1294 19.800255
1583 19.8204556
1872 19.8300034
2161 19.823415
2450 19.7999023
2739 19.7647845
3028 19.7281091
3317 19.7010508
3606 19.6918555
3895 19.7028688
4184 19.7294229
4473 19.7610011
4762 19.7848886
155 19.8011947
444 19.8040508
733 19.8118328
1022 19.8217812
1311 19.8295631
1600 19.8301792
1889 19.8196249
2178 19.7968588
2467 19.7650651
2756 19.7312757
3045 19.7042772
3334 19.6916506
3623 19.6970511
3912 19.7185613
4201 19.7486788
4490 19.776374
4779 19.7911398
172 19.8287782
461 19.8291707
750 19.8297008
1039 19.8281879
1328 19.8217183
1617 19.8078009
1906 19.7857195
2195 19.7575288
2484 19.7280987
2773 19.7039815
3062 19.6914296
3351 19.6942283
3640 19.7120195
3929 19.7396892
4218 19.7683258
4507 19.7879899
4796 19.7916711
189 19.8123996
478 19.8110181
767 19.8065966
1056 19.7980764
1345 19.7843932
1634 19.7653797
1923 19.7425389
2212 19.7192787
2501 19.7003626
2790 19.6906537
3079 19.6935089
3368 19.7093105
3657 19.7346354
3946 19.7625544
4235 19.7844133
4524 19.7929082
4813 19.7852873
206 19.7673521
495 19.7654743
784 19.7599038
1073 19.7505312
1362 19.7376329
1651 19.7223877
1940 19.7071611
2229 19.6953094
2518 19.6904394
2807 19.6952799
3096 19.71049
3385 19.7338117
3674 19.7600061
3963 19.7819441
4252 19.7928732
4541 19.7891731
4830 19.7722352
223 19.7200349
512 19.7187507
801 19.71514
1090 19.7095524
1379 19.7027941
1668 19.6963453
1957 19.6923503
2246 19.6932408
2535 19.7010053
2824 19.7162875
3113 19.737622
3402 19.7611843
3691 19.7814019
3980 19.7925495
4269 19.7909433
4558 19.7767789
4847 19.7545383
240 19.6928804
529 19.6926968
818 19.692408
1107 19.6923674
1396 19.6932407
1685 19.6960631
1974 19.7021077
2263 19.7124933
2552 19.7275849
2841 19.7463872
3130 19.7662243
3419 19.7830171
3708 19.7923207
3997 19.7909413
4286 19.7785058
4575 19.7581448
4864 19.7357858
257 19.6954485
546 19.6962844
835 19.6989722
1124 19.7035833
1413 19.7102566
1702 19.7192135
1991 19.7306389
2280 19.7443928
2569 19.7596311
2858 19.7745268
3147 19.7863345
3436 19.7919762
3725 19.7891025
4014 19.7772679
4303 19.7586391
4592 19.7377614
4881 19.7203437
274 19.7228066
563 19.7241808
852 19.728363
1141 19.7350413
1430 19.743729
1719 19.7538302
2008 19.7646278
2297 19.7751774
2586 19.7841728
2875 19.7899333
3164 19.7906609
3453 19.7850126
3742 19.7728314
4031 19.7557007
4320 19.736961
4609 19.721031
4898 19.7121843
