7 56.9976934
11 57.2064405
15 57.0571181
3 57.3859625
5 57.009647
9 57.1701945
0 57.874781
13 57.0986176
300 57.2048006
296 57.0025952
298 57.1738098
289 57.8060774
589 57.1997727
585 57.0188812
587 57.1842433
294 56.9997196
304 57.0575998
292 57.3462137
578 57.6226278
302 57.0965082
583 56.9772803
593 57.0592787
581 57.242472
878 57.1902465
874 57.0483379
876 57.1986518
591 57.0905657
867 57.3829089
1163 57.0904156
1165 57.2122266
1167 57.1749324
872 56.9594978
870 57.1141099
882 57.0628076
1156 57.1587801
1454 57.2188792
1452 57.1395781
880 57.0815962
1171 57.0690914
1456 57.1532341
1161 56.9646384
1159 57.0080006
1169 57.0710389
1460 57.0790097
1450 57.0021326
1741 57.1850754
1743 57.2128967
1745 57.1261996
1458 57.0610427
1445 57.0090256
1448 56.9594476
2030 57.2139711
2034 57.0971407
2032 57.1912868
1734 56.9598048
1739 57.0667271
1749 57.093045
1737 56.9787905
2319 57.2164128
1747 57.0543576
2028 57.1396918
2038 57.1108749
2023 56.9990841
2323 57.0714674
2321 57.1558685
2036 57.0539044
2026 57.0490301
2608 57.1906649
2612 57.0554799
2610 57.1139041
2312 57.0860647
2327 57.1310463
2317 57.1966698
2901 57.0542949
2315 57.1349116
2325 57.0619917
2897 57.1451796
2606 57.2185452
2616 57.1508927
2601 57.170718
2614 57.0793376
2604 57.1990555
2899 57.0764771
3190 57.069583
2895 57.2001642
3186 57.0962202
2903 57.104241
3188 57.0548136
2905 57.166845
2890 57.2147908
3479 57.098107
3475 57.0616944
3184 57.1527087
3179 57.2054656
2893 57.2178389
3477 57.055841
3194 57.1751994
3192 57.1323478
3768 57.1319366
3473 57.0985869
3182 57.1900732
3481 57.1573572
3764 57.053805
3483 57.1732299
3766 57.0789048
3468 57.1565436
3770 57.172694
4057 57.1606354
4055 57.1153073
4053 57.0738587
3471 57.1350779
3762 57.0613282
4346 57.17485
3757 57.0979555
3772 57.1603383
4344 57.1512275
4051 57.0552918
3760 57.0818246
4046 57.0596072
4061 57.1387923
4342 57.1117068
4049 57.0548319
4059 57.1737331
4635 57.1699628
4633 57.1730605
4631 57.1502178
4340 57.0799211
4348 57.1597771
4335 57.0574786
28 57.2047966
4350 57.1136331
26 57.1739514
4338 57.0635039
4624 57.0879598
4629 57.1209956
4639 57.091555
24 57.0030291
4637 57.1348964
4627 57.0994381
317 57.2030828
32 57.0577186
315 57.1774044
17 57.8054763
22 57.0002042
313 57.0081021
30 57.0965764
604 57.1873487
606 57.1978584
20 57.3463002
311 56.9914707
306 57.7406669
602 57.0247644
319 57.0945105
321 57.0582378
893 57.2009373
600 56.972222
309 57.3091977
595 57.567966
610 57.0600261
895 57.1880705
891 57.0544607
608 57.0887072
1182 57.2134046
598 57.2126997
1184 57.1725193
889 56.9586147
897 57.0799833
884 57.3433305
1180 57.0962587
899 57.0637185
1473 57.1507172
1471 57.21879
1178 56.9676406
1173 57.1353207
887 57.0943383
1188 57.0701901
1176 56.9985969
1186 57.0697868
1469 57.1443908
1462 56.9996069
1467 57.0076354
1760 57.2115981
1762 57.1238133
1477 57.080281
1475 57.0602628
1758 57.1881582
2049 57.1890971
2051 57.0951774
1756 57.0727881
1751 56.9602192
1465 56.9585738
1766 57.0944277
1764 57.0541344
1754 56.9831946
2047 57.2149682
2338 57.1533252
2340 57.0702021
2045 57.1444922
2336 57.215487
2053 57.0542643
2055 57.1122629
2040 57.0043937
2627 57.1116339
2629 57.0550813
2043 57.0551391
2334 57.1990909
2329 57.0919637
2344 57.1323
2625 57.1884741
2332 57.1398585
2342 57.0628758
2918 57.0547539
2916 57.0750146
2914 57.1426609
2623 57.2184408
2631 57.0805888
2633 57.1518617
2621 57.2013261
2618 57.1744727
3205 57.0544352
3207 57.0706895
3203 57.0942689
2912 57.1982565
2907 57.2155351
3496 57.0994931
2922 57.1674014
3494 57.05648
2910 57.2173792
2920 57.1056176
3211 57.1752738
3201 57.1501863
3492 57.0608696
3199 57.1878986
3209 57.1335686
3785 57.1331785
3196 57.2038607
3783 57.0801858
3781 57.0541764
3490 57.0965912
4074 57.1613832
3500 57.1728409
3485 57.1540303
3488 57.1326034
4072 57.1166898
3779 57.0605398
3498 57.1581687
3789 57.1596016
4361 57.1522053
4070 57.0750468
3787 57.1729426
4363 57.1749378
3777 57.0802093
3774 57.0959402
4359 57.1130864
4068 57.0557613
4078 57.1379038
4066 57.0545759
4652 57.1694562
4650 57.1733397
4357 57.0811726
4063 57.0588878
4076 57.1734152
4367 57.1128232
43 57.1842951
4648 57.1511932
4355 57.0643993
4365 57.1590462
45 57.1995409
41 57.0198667
4646 57.122321
4352 57.0580657
4656 57.0910278
4644 57.1008177
332 57.1872595
334 57.1976224
39 56.9786704
4641 57.0892678
4654 57.134018
37 57.2428102
330 57.0253199
49 57.0596914
621 57.1957329
623 57.1918495
619 57.0427568
47 57.0907279
328 56.9731192
338 57.0603157
326 57.2129243
34 57.6204601
912 57.1813437
910 57.2068881
615 57.1361539
617 56.962352
323 57.5663727
336 57.0887909
908 57.0727085
627 57.0624063
1199 57.2161202
1201 57.1651746
1197 57.113237
916 57.0665505
625 57.0833934
906 56.9597412
904 57.0449251
612 57.4232174
1490 57.1431726
1488 57.2178689
1193 56.9771042
1195 56.9787848
901 57.2399284
1486 57.158002
914 57.0753873
1205 57.0735422
1777 57.2072777
1779 57.1167716
1494 57.0841093
1775 57.1965198
1482 56.9597101
1203 57.0662508
1484 57.0248503
1190 57.0758795
2068 57.0894918
1771 56.9978281
2066 57.1823557
1773 57.0906711
1479 56.978098
1783 57.0985555
1492 57.0581198
2064 57.2172169
2357 57.0666521
2355 57.1457447
2072 57.116381
2060 57.0733733
2353 57.2122404
1781 57.0536346
2062 57.1580911
1768 56.9647609
2644 57.1050165
2646 57.0541179
2349 57.1539004
2351 57.2054956
2361 57.1359991
2057 57.0212043
2935 57.0563009
2642 57.181732
2933 57.0708647
2070 57.055482
2650 57.1547012
3222 57.0534926
2931 57.1351683
2638 57.2072618
2359 57.0656268
2640 57.2175045
3224 57.0740902
2346 57.1091943
2927 57.2154097
2929 57.1922536
2939 57.1690085
2635 57.1848137
3511 57.058493
3220 57.0885958
3513 57.1036458
2648 57.0843961
3228 57.1754516
3800 57.0840237
3218 57.1426361
3509 57.0585793
2937 57.1097577
3216 57.1811731
4089 57.1207661
3802 57.1368392
4378 57.1550539
3505 57.1252852
4091 57.1635413
3517 57.1716529
2924 57.2169755
3507 57.0907879
4667 57.1741228
3798 57.0554056
3226 57.1372074
3213 57.1986445
4087 57.0786396
3515 57.1605633
3794 57.0756109
3806 57.1573978
4380 57.1751299
3796 57.0583875
60 57.1982909
4095 57.1352659
4083 57.0540431
4669 57.1678967
3502 57.1464773
3804 57.1736509
349 57.200438
4376 57.1171953
62 57.1895573
4085 57.0573182
3791 57.0901187
4384 57.1104312
4665 57.1540784
4372 57.0672155
4093 57.1724395
4374 57.08498
638 57.2064799
4382 57.1568487
4673 57.0894791
351 57.1873632
4080 57.057008
4661 57.1049627
58 57.049765
640 57.1808669
927 57.2137011
4663 57.1262747
4369 57.0600256
347 57.0554695
4671 57.1313869
54 57.1148641
66 57.0636286
56 56.9619759
64 57.0818552
355 57.0644109
1216 57.2178513
345 56.9605951
929 57.1694695
343 57.0949428
4658 57.0932582
636 57.0731699
1218 57.1526632
1505 57.2140827
353 57.0801475
925 57.1021907
51 57.3787695
634 56.9608279
644 57.0669523
632 57.0452964
1507 57.13076
642 57.0754618
923 56.9721086
933 57.0717608
1794 57.1985751
921 56.9910013
1214 57.1393251
340 57.3397262
1796 57.1056013
2083 57.1704662
1503 57.1776466
931 57.0686936
1212 57.0030518
629 57.2379031
1222 57.0794969
1210 56.9604523
918 57.1120729
1220 57.0613492
1792 57.207244
1501 57.0549982
2085 57.080882
1499 56.9720879
2372 57.1332473
1509 57.0555235
1511 57.0907069
1788 57.0257919
2374 57.061736
2661 57.0947034
1207 57.0083583
2081 57.2182438
1790 57.1189283
1798 57.0536956
1800 57.1054831
2370 57.2050657
1496 56.9614291
2077 57.102842
2079 57.1777237
2663 57.0534525
2950 57.0649314
2087 57.058247
2089 57.1231213
2366 57.1743223
3239 57.0528486
1785 56.9813096
2659 57.1698421
2368 57.2130514
2952 57.0595848
2376 57.0707171
2948 57.1229744
2074 57.0510749
2378 57.1418891
3241 57.0801189
2655 57.2140595
2657 57.2137033
3528 57.0624718
2665 57.0909718
2944 57.2100771
2667 57.1590494
3237 57.0799989
3530 57.1105667
3817 57.0906308
2363 57.135859
2946 57.1812766
3233 57.1693003
2956 57.1712569
2652 57.1988058
3526 57.0557369
2954 57.1166123
3235 57.1302179
3819 57.1426562
3522 57.1135314
4106 57.1273954
3243 57.1430016
3245 57.1753457
2941 57.2167413
4395 57.1594114
3524 57.0819603
3815 57.0581819
3811 57.0689146
3534 57.1693675
4108 57.1667115
3813 57.0557813
3230 57.1887008
4104 57.0849249
3532 57.1641531
4397 57.1750392
4684 57.1750048
4100 57.0540706
3519 57.133964
3821 57.1744152
3823 57.1535643
4102 57.0606113
4112 57.1308678
4393 57.1239256
77 57.2111305
4389 57.0724097
4686 57.1650266
4110 57.1704887
3808 57.0812741
4682 57.1585161
4391 57.0915558
79 57.1736395
4401 57.1065775
366 57.2121752
4678 57.1118747
4399 57.1530223
4097 57.0548692
75 57.0919812
4680 57.1326747
4690 57.0871101
71 57.0093402
655 57.2149867
4688 57.1270129
368 57.1711929
364 57.0974283
4386 57.0639505
73 56.968132
657 57.1640716
83 57.0703522
360 56.9997637
944 57.2171287
653 57.1138782
81 57.0714075
4675 57.1000555
372 57.0713199
649 56.9780417
362 56.9706466
1233 57.2149727
661 57.0743836
370 57.0700445
946 57.1520352
942 57.1395161
651 56.9809164
68 57.1529681
1235 57.1351013
940 57.0041126
1231 57.1700636
659 57.066413
938 56.9610315
1522 57.2047148
950 57.07994
357 57.1300089
948 57.0614371
1227 56.9666523
1239 57.088466
1811 57.1838978
1524 57.1141499
1520 57.1983931
1229 57.0436834
646 57.0721353
1518 57.0969564
1516 57.0041028
1237 57.0566151
1813 57.0914548
935 57.006641
1809 57.2157279
1528 57.1002647
2100 57.1530157
1526 57.0539325
1805 57.0681124
2389 57.1164488
1817 57.1151557
1807 57.153621
2098 57.2145209
2102 57.0708121
1224 56.9647842
1815 57.0556001
2096 57.1984583
2094 57.140154
2391 57.0569867
1513 56.9676113
2678 57.0819978
2387 57.1919688
2106 57.1321845
2104 57.0635552
2383 57.1962051
2395 57.1494617
2967 57.0587555
2385 57.2174325
2676 57.1523916
2393 57.0787632
2680 57.0544235
1802 57.0166053
2674 57.2043207
2672 57.2174717
2969 57.065528
2091 57.0932624
2684 57.1642603
2682 57.1005071
2965 57.1069024
3256 57.0538416
2961 57.1989761
2973 57.1734619
3545 57.0692385
2971 57.1259696
2963 57.1644862
3254 57.0699423
3258 57.0891623
2380 57.1676079
3543 57.0538127
3252 57.1136023
3250 57.1518674
3547 57.1201199
3260 57.1504319
3834 57.1001982
2669 57.211641
3262 57.1743435
3551 57.1655434
3539 57.0983437
3832 57.0635014
3549 57.1682647
4123 57.13623
3541 57.0715574
3836 57.1501102
4121 57.0942147
2958 57.2115021
3830 57.0541799
3840 57.1478942
4125 57.1702118
3828 57.0616555
3247 57.1728235
3838 57.1745836
4410 57.1329781
4412 57.1646318
4127 57.167087
4117 57.0559415
4129 57.1247483
4701 57.1753298
4119 57.0665631
4414 57.1740532
4699 57.1638657
3536 57.1170502
4408 57.1010909
4416 57.14736
4418 57.1015016
4703 57.1604769
4406 57.0805726
3825 57.0708554
94 57.2168488
92 57.1408931
4705 57.1209672
4695 57.1214177
4707 57.0842717
383 57.2166324
4697 57.1411139
96 57.15136
4114 57.0539042
381 57.1453409
98 57.0615752
90 57.0063516
385 57.1487957
4403 57.0706622
88 56.9614947
670 57.1584518
100 57.0806548
672 57.2158128
387 57.0606742
377 56.9604529
389 57.0817989
961 57.2124411
379 57.0113978
676 57.0584359
959 57.1776669
674 57.1414686
4692 57.1097125
1248 57.1982321
668 57.0277788
666 56.9613921
85 57.0023819
963 57.1295306
678 57.0853479
965 57.0557717
1250 57.2037968
1254 57.054099
955 56.9734528
967 57.0915577
957 57.0568938
1539 57.1874017
1537 57.2135159
1252 57.1135497
1543 57.0551888
1828 57.1623473
1256 57.1006798
1826 57.216531
374 56.9934478
2117 57.1304941
1832 57.060855
2115 57.2025101
1246 57.0978135
1244 57.0049171
1541 57.0949548
1545 57.1127289
663 56.9735123
1535 57.1448696
1533 57.0568953
1830 57.0763574
2406 57.0969105
2121 57.0724551
2404 57.171545
1834 57.1272175
952 56.9588881
2695 57.0690271
2410 57.0902698
1824 57.1875666
2693 57.1298704
1822 57.1203348
2119 57.0614745
1241 56.9668032
2123 57.1429336
2113 57.2135693
2111 57.1782913
2408 57.0544548
2984 57.0544539
2699 57.1129478
2982 57.0887046
2412 57.1578642
1530 57.0058577
3271 57.0606184
2988 57.1372907
3273 57.0580762
2400 57.2127369
2402 57.2137634
2697 57.0586357
1819 57.0704663
3560 57.0546756
2691 57.1869931
2689 57.2127684
2701 57.1693722
2986 57.0750693
3562 57.0795856
3277 57.1586354
2990 57.174688
3849 57.0724124
2108 57.1421449
3566 57.1719295
3851 57.1126717
2978 57.1801642
2980 57.1418876
3275 57.1014175
2397 57.1972125
3269 57.0944018
4138 57.1066092
3279 57.1716748
3267 57.1293643
3564 57.1318541
4140 57.1465805
3855 57.1733095
3568 57.1596882
4144 57.1616897
4427 57.1437158
3558 57.0617697
2686 57.2173541
4429 57.1697533
3556 57.0816287
3853 57.1583381
3847 57.0554253
3857 57.1402316
3845 57.0559875
2975 57.1980183
4142 57.1730786
4716 57.1691679
4433 57.1397059
4146 57.1170743
4718 57.1742427
4722 57.1134573
4431 57.1714015
109 57.1858011
4136 57.0761124
4134 57.0611623
111 57.2099575
3264 57.1505849
4425 57.1135314
398 57.1885507
4435 57.0956095
4720 57.1538629
115 57.0551578
4423 57.0921737
3553 57.0972431
400 57.208534
113 57.1239741
4724 57.081475
404 57.0548127
687 57.1964418
4712 57.1331404
4714 57.1508401
3842 57.0610531
689 57.2043171
107 57.0712401
402 57.1215293
976 57.2067593
105 56.9815309
117 57.0949415
4131 57.0558996
693 57.0542277
978 57.1960291
691 57.1147021
394 56.9858022
406 57.0962084
982 57.054237
1265 57.215074
396 57.0768917
1267 57.1820725
4420 57.0809535
1554 57.2160405
685 57.0939985
980 57.1040085
695 57.1000739
4709 57.122004
1843 57.2050123
1271 57.056076
1556 57.161436
1269 57.0904946
984 57.1066329
683 57.000302
974 57.1212789
2132 57.1801441
1560 57.0611744
1845 57.1347336
972 57.0280215
102 56.953331
1263 57.1549739
1273 57.1158858
1558 57.0759995
391 56.9542385
2421 57.1441018
1261 57.069852
2134 57.1049542
1849 57.0708169
1847 57.0632596
1562 57.1275415
1552 57.1880814
2710 57.1043312
2138 57.085675
1550 57.1212923
1851 57.1408102
2423 57.0774308
2136 57.0556452
2427 57.1052968
1839 57.1717358
2140 57.1542624
680 56.9603832
2999 57.0712691
1841 57.2113249
2716 57.1277362
2712 57.0587107
2425 57.0564155
969 56.9790172
2130 57.2160824
3288 57.0548031
2128 57.2073702
2429 57.1658431
3001 57.0544583
2417 57.2167347
3005 57.1495509
2714 57.0675914
2419 57.1982318
2718 57.1731255
1258 57.0160831
3577 57.060253
3290 57.067055
3294 57.1663537
2706 57.1963405
3003 57.0887965
3866 57.0856433
2708 57.1610132
1547 57.0707735
3007 57.1738294
3292 57.1165959
3579 57.0939182
2995 57.1533898
3583 57.1739278
4155 57.1217139
3296 57.1665342
3868 57.1274937
2997 57.115125
3872 57.1696617
1836 57.133224
3284 57.1038436
3581 57.1448223
4444 57.1550323
3286 57.075441
2125 57.1870224
4157 57.1572995
3585 57.151397
3870 57.1660817
3573 57.0663242
4161 57.1538205
4733 57.1731596
4446 57.1735165
3874 57.130597
3862 57.0544503
3575 57.0553966
4450 57.1300805
2414 57.2157366
4159 57.1741242
126 57.2139338
4735 57.1707973
2703 57.2104567
3864 57.0613993
4448 57.1662788
4151 57.0710899
4163 57.1082316
4739 57.1049113
415 57.2146195
128 57.1877188
4440 57.1072321
4452 57.0895165
132 57.0550971
4153 57.089847
2992 57.1745814
4737 57.1449207
4741 57.0793869
3281 57.1232403
421 57.055345
130 57.0949639
4729 57.1460958
704 57.216418
417 57.1853975
4442 57.1283194
993 57.2170519
122 57.052245
134 57.1128317
706 57.1787526
710 57.056498
3570 57.077312
4731 57.1606605
423 57.1141215
995 57.1672682
419 57.0929339
999 57.0592383
411 57.0582774
3859 57.0546666
1282 57.213163
124 57.1440264
708 57.0874621
1571 57.2013092
712 57.118001
1284 57.1505257
700 57.0764623
997 57.079333
4148 57.0626443
413 57.1484683
1001 57.1243989
1573 57.1289042
1286 57.069901
1288 57.0645078
989 57.1057812
1860 57.1794248
1290 57.133066
4437 57.0952294
702 57.1613535
1575 57.0611693
2149 57.1483208
4726 57.1361982
1862 57.1042654
1864 57.0556993
991 57.1800706
1579 57.1434257
2153 57.0562091
1278 57.1426861
2151 57.0802604
2438 57.1125052
1577 57.0732719
1868 57.1544382
119 56.9935181
2440 57.0619141
1866 57.0861832
1280 57.1998548
2157 57.1645472
1567 57.1800963
408 56.9993482
1569 57.2141534
2155 57.1031798
2727 57.0796383
2442 57.0648303
1858 57.2161585
2729 57.0543595
3016 57.0584105
2731 57.0821706
1856 57.2082408
3018 57.0609857
2444 57.1231172
2446 57.1717833
3305 57.0553814
697 57.0178103
2145 57.2176492
3307 57.0816577
2733 57.1435955
2147 57.2013396
2735 57.1740772
2434 57.2032482
986 57.0498252
3594 57.071992
3022 57.16116
3020 57.106522
2436 57.1699994
1275 57.0938378
3883 57.103159
3309 57.1336468
2725 57.1284673
4172 57.1383868
1564 57.1435878
2723 57.1675635
3596 57.1118556
3311 57.1719777
3598 57.157475
3024 57.1697764
3012 57.1211022
3885 57.1433871
3600 57.1729256
4461 57.1653043
3313 57.1582698
3014 57.0878884
1853 57.1881747
3887 57.1717316
3889 57.1628082
4174 57.1667526
2142 57.2151235
3303 57.0606054
4750 57.1743837
3301 57.0791697
4176 57.1720847
3602 57.1405298
4178 57.1432535
4463 57.1744783
3590 57.0561209
3592 57.0553798
143 57.2156604
4467 57.1188195
2431 57.2154297
4752 57.1641395
3891 57.1193261
4465 57.1580332
3881 57.0734848
2720 57.188211
432 57.2144254
3879 57.0594489
4754 57.1336757
145 57.1521438
4180 57.0989046
4756 57.0960487
4170 57.1075793
4168 57.0864217
721 57.2107297
434 57.1494502
3009 57.142417
149 57.0636641
4469 57.0840635
147 57.0697973
4459 57.144178
3298 57.0942717
1010 57.2031569
4457 57.1249811
436 57.0684593
723 57.1419464
438 57.0644548
4748 57.1689365
4758 57.0787909
4746 57.1587345
1299 57.1898783
1012 57.1298315
151 57.1328397
727 57.0671707
3587 57.0611779
725 57.0651243
141 57.2004241
3876 57.0546376
1588 57.1695857
1301 57.1137148
440 57.1340155
1016 57.0722723
139 57.138189
1014 57.0606943
430 57.2025257
1877 57.1425956
428 57.1431183
1590 57.0950485
1305 57.0803155
4165 57.0753937
729 57.1375032
1303 57.0565891
719 57.2082682
1018 57.143081
4454 57.1131094
2166 57.1116985
1594 57.0917161
1879 57.0764452
717 57.157199
1592 57.0546674
1008 57.2149602
2455 57.0822273
1881 57.0569892
1006 57.1775699
1883 57.1064543
2168 57.0616027
1307 57.1502854
4743 57.1508856
1596 57.1583195
1297 57.2184287
2744 57.0609818
2172 57.1237754
2457 57.0546383
136 57.0816003
2170 57.0653502
1586 57.2139639
3033 57.0541004
1295 57.1991333
2459 57.0806206
1885 57.1659943
1584 57.2149986
2461 57.1419835
2746 57.0588557
3322 57.0645372
1875 57.1979224
425 57.0880538
2174 57.171763
2750 57.1584635
3035 57.0752824
714 57.1069908
2748 57.1020614
2164 57.1696048
3611 57.0901998
2463 57.1738989
1873 57.2180912
3037 57.1269192
3039 57.1700456
2453 57.132585
3324 57.1015725
2162 57.2037405
3900 57.1237653
1003 57.1358648
2752 57.1708414
3328 57.1737417
3613 57.1319121
3326 57.1506171
2742 57.0945978
1292 57.1694987
4189 57.1546257
3041 57.161674
2451 57.1722571
3615 57.1677157
3617 57.1677265
3902 57.1582899
3031 57.0655534
2740 57.1301106
4478 57.1725063
3330 57.146624
4191 57.1729514
1581 57.2000141
3906 57.152268
3904 57.1735223
1870 57.2182703
3320 57.0540981
4767 57.1714281
3619 57.1274024
4195 57.1302141
3029 57.0886716
4193 57.165876
4480 57.1712526
3609 57.0639903
2159 57.2168174
3318 57.0605325
4769 57.1537599
160 57.1894485
3908 57.1071873
4484 57.1066912
4482 57.146407
3898 57.0919165
2448 57.1933042
162 57.1105468
4773 57.0879056
449 57.1869282
4771 57.1206101
4187 57.1279827
3607 57.0546674
4197 57.0901132
738 57.1797158
451 57.1080971
3896 57.0724805
166 57.0814739
2737 57.1526283
164 57.0546781
4486 57.0802801
455 57.0826561
4476 57.1590454
740 57.1015255
3026 57.1063645
1027 57.1674001
4765 57.1737378
453 57.0542036
4185 57.1066582
4775 57.0804982
1316 57.1497294
1029 57.0915607
744 57.0864636
4474 57.143646
3315 57.069147
168 57.1522999
1033 57.0930924
158 57.2214895
742 57.0534583
1318 57.0794983
1605 57.1272904
3604 57.0531921
447 57.2210817
1031 57.0532862
4763 57.16896
1894 57.1021518
457 57.1532105
1322 57.1026667
736 57.219513
1607 57.0673585
156 57.2019021
746 57.1558654
1611 57.1150369
3893 57.0632372
1896 57.0578803
1320 57.0549088
2183 57.0781145
1025 57.2148781
4182 57.0942397
2472 57.0602401
1609 57.0597365
445 57.2042002
1035 57.1599314
1900 57.1295619
2185 57.0541751
1314 57.2046001
734 57.2102491
2474 57.0589688
4471 57.1331076
2189 57.1449365
1324 57.1648021
1898 57.0690558
2761 57.0535557
4760 57.1639654
2763 57.0735598
1603 57.1864727
3050 57.0612155
1023 57.2170818
2187 57.0835822
1613 57.1695666
1892 57.1599598
2478 57.159152
153 57.1669863
1312 57.2202502
3052 57.0968413
3339 57.0827841
1902 57.1730282
2767 57.1696842
3341 57.1248743
2476 57.1029538
442 57.1713227
2181 57.1272984
3628 57.1134708
3056 57.1739632
1601 57.2149297
2765 57.1253389
2191 57.1738126
2470 57.0938018
3630 57.151422
3917 57.1449369
1890 57.1976152
731 57.1834176
3345 57.1700886
3919 57.1695459
2480 57.1705969
3054 57.1473944
2759 57.0668942
3634 57.1576246
1020 57.1996759
4206 57.1677167
2179 57.1679698
3343 57.1647702
4208 57.1738931
4495 57.1745415
3048 57.0538898
2769 57.1624525
2468 57.1300143
3923 57.1381925
4497 57.162874
1309 57.2144484
3058 57.1492462
4212 57.1155499
3632 57.1731921
1598 57.2211089
4784 57.1632899
3337 57.0591618
2757 57.0918234
4786 57.1397786
3921 57.1698967
177 57.1438704
3347 57.1319839
3046 57.0633866
3626 57.0818434
1887 57.2139608
4501 57.0949456
179 57.073895
3636 57.1129399
468 57.0722202
4790 57.0817777
466 57.1409857
4210 57.1549382
2176 57.1905716
3335 57.0531261
3915 57.1152243
4499 57.1317874
3925 57.0954305
755 57.132985
4204 57.1484634
3624 57.0643596
2465 57.1535977
757 57.068081
183 57.1066842
4214 57.0831668
3913 57.0932982
1044 57.1203211
4788 57.1067828
1046 57.062457
472 57.1080182
4493 57.1702652
2754 57.1110228
761 57.1121957
3043 57.0742029
4782 57.1731931
181 57.0544873
4503 57.0792706
4202 57.1297309
1333 57.1039731
1335 57.0568804
4491 57.160479
1622 57.0857905
1050 57.1191474
4792 57.0852023
175 57.2023065
1624 57.053363
3332 57.05407
470 57.0548711
1339 57.1285875
3621 57.0568426
464 57.2000877
759 57.0566432
4780 57.1744198
185 57.167687
1911 57.0686846
1913 57.0541615
173 57.2198594
1628 57.1398758
2200 57.056418
474 57.1682002
2202 57.0612999
753 57.1934585
3910 57.0810804
1048 57.060431
1917 57.1519001
4199 57.1175887
1042 57.181655
1337 57.0670365
462 57.2194492
2489 57.0528454
763 57.1696455
2491 57.0758734
751 57.2176447
2778 57.0606821
2206 57.1630414
2780 57.0973124
1052 57.171638
4488 57.1525586
1331 57.1639633
1626 57.0772017
2495 57.1712825
4777 57.1728815
3067 57.080166
1620 57.1405375
1915 57.0912981
1040 57.212411
3069 57.1229164
1341 57.1735271
1329 57.2011206
3356 57.1081916
2784 57.1745139
3358 57.1480022
170 57.2110969
1630 57.1744234
2204 57.1089746
1909 57.1131948
3073 57.1710344
459 57.2124351
2198 57.0857876
3645 57.1384807
1618 57.1817201
2493 57.1288561
3647 57.1668601
1919 57.1732814
2487 57.0637785
1907 57.1540573
3934 57.1630522
2776 57.0528853
3936 57.1744114
3362 57.1601637
748 57.2156613
2782 57.1484419
2208 57.1690612
3651 57.1427876
1037 57.2177341
4223 57.1747171
4225 57.16809
2196 57.120877
3071 57.1643589
3065 57.0570766
3940 57.121596
2485 57.0879127
4512 57.1697749
2497 57.1609745
1326 57.2144693
3354 57.0766217
4514 57.1492187
3360 57.1730525
4801 57.1498022
4229 57.1007996
2786 57.1487867
2774 57.0627033
1615 57.2019561
4803 57.1231827
3649 57.1718337
3643 57.1070964
4518 57.0852424
3075 57.1331078
3063 57.0522552
194 57.0951921
3932 57.1400498
196 57.0531614
3938 57.1599998
3352 57.0602726
1904 57.1782743
483 57.0928357
4807 57.0790543
3364 57.1155629
485 57.0525445
2193 57.1449586
4227 57.1395957
200 57.1348144
4221 57.1654328
3653 57.0987234
3641 57.0850843
4516 57.1153876
772 57.0866141
774 57.051584
4510 57.1750937
3930 57.1193507
1061 57.0774996
489 57.1360169
2482 57.107502
1063 57.0512166
3942 57.0857153
4805 57.0938343
778 57.1397286
2771 57.0743617
4219 57.1520343
4799 57.1660109
4231 57.0795073
1350 57.0671074
198 57.0705913
1352 57.0527706
4508 57.1721679
192 57.1542967
1639 57.0577274
1067 57.145662
4797 57.1730435
1641 57.0577481
3060 57.0544633
4520 57.0820158
487 57.0716292
3349 57.0539215
1356 57.1532176
481 57.1514407
4809 57.0932857
1930 57.0674816
1928 57.0521652
190 57.1911374
776 57.0752677
1645 57.1614245
2217 57.0532659
479 57.1890133
3638 57.0732418
770 57.1432558
2219 57.0826652
1065 57.0818168
202 57.1753881
1934 57.1689334
2506 57.063108
3927 57.1063248
2508 57.1028407
491 57.1754283
768 57.182484
1059 57.1300041
2223 57.1741053
1354 57.091539
4216 57.1420198
2795 57.0820493
1348 57.1124665
1643 57.1044323
2797 57.1260202
3084 57.1079829
4505 57.1679369
1057 57.1707535
780 57.1754607
3086 57.1486817
1637 57.0923961
2512 57.1752319
1932 57.119991
1069 57.175119
1926 57.072792
4794 57.175148
2801 57.1708944
3373 57.1362353
1346 57.1531657
2221 57.1370028
3375 57.166326
3662 57.1604073
187 57.2011558
1635 57.1300831
1358 57.1738191
2215 57.0577136
3664 57.1746134
3090 57.1604182
2510 57.1534672
2504 57.0514672
476 57.2001421
1647 57.1708317
3379 57.1443154
3951 57.1741263
2799 57.1667405
1924 57.1036526
3953 57.1708282
4240 57.1732433
2213 57.0780417
765 57.1967273
3088 57.1739822
2793 57.0572571
3668 57.1245472
1936 57.1654094
4242 57.1551808
4529 57.1576687
1054 57.1891156
3082 57.0757027
2225 57.1569711
4818 57.1319979
3957 57.104432
2502 57.0588192
211 57.0612113
3377 57.1728868
4531 57.1313595
3371 57.1038469
4246 57.0880849
2791 57.0514462
1343 57.175235
2514 57.1453291
4820 57.1059098
1632 57.1539771
3660 57.1352688
213 57.0549686
3666 57.1625501
2803 57.1309171
500 57.0599554
3080 57.0592547
4535 57.0794199
3092 57.114948
3949 57.1615847
789 57.0570894
3369 57.0816601
3955 57.1441803
1921 57.1263822
502 57.0553588
4824 57.0809384
2210 57.0962446
4238 57.1750603
4244 57.1213116
3381 57.0994154
791 57.0573411
1078 57.0536947
3658 57.1134683
4527 57.1714729
3670 57.0868609
217 57.1595099
4533 57.0992623
1367 57.0513879
2499 57.0696931
3947 57.1458631
1080 57.0615795
506 57.1603218
4822 57.0838182
4816 57.1520586
2788 57.0536183
3959 57.0798803
1369 57.068885
1656 57.052135
4236 57.1690325
209 57.1000344
4248 57.0804313
215 57.0994845
795 57.1628194
1945 57.0579003
4525 57.1756312
3077 57.0533009
504 57.1008147
1084 57.1665856
498 57.0976838
1658 57.0799492
3366 57.070068
4537 57.0891054
4814 57.1637408
1947 57.0950129
2234 57.0701023
787 57.0912388
4826 57.104612
1373 57.17086
793 57.1052245
2523 57.0889551
3655 57.1000011
2236 57.1135164
207 57.1353888
1082 57.1126889
1662 57.1745599
1076 57.0815713
219 57.1728094
3944 57.1344898
2525 57.1338331
496 57.1329564
2812 57.1129026
1365 57.0702263
508 57.1723872
1371 57.1229445
1951 57.1763708
3101 57.1384405
4233 57.1627586
1660 57.1353379
785 57.1258556
2814 57.1532343
2240 57.1749282
1654 57.0595256
797 57.1710629
4522 57.1756298
3390 57.1605849
3103 57.1682266
1949 57.1487054
1086 57.1685545
1943 57.0524448
1074 57.1142778
3679 57.1740581
2529 57.1690952
4811 57.1690977
1363 57.0989598
2238 57.1613367
3392 57.1753169
2818 57.1583072
1375 57.1644433
2232 57.0521106
204 57.1513161
3968 57.1749592
3681 57.172088
1664 57.158273
2527 57.17109
1652 57.0816645
4257 57.1623849
2521 57.0609138
3107 57.1429155
1941 57.0654186
493 57.1493832
2816 57.1757057
3396 57.1244176
3970 57.1582779
2230 57.0542231
1953 57.1496938
4546 57.1393184
782 57.1436382
2810 57.0794451
4259 57.1364263
2242 57.1386375
3105 57.1733235
3685 57.1054461
4835 57.1122465
1071 57.1334726
3099 57.1056606
2519 57.0521209
3394 57.1631204
2808 57.0617925
228 57.053948
4548 57.1116912
3974 57.0894108
1360 57.1185694
2531 57.1254935
3388 57.1347473
1649 57.0997462
4837 57.0906733
3097 57.0831453
2820 57.1112381
3677 57.1600061
517 57.0538869
3683 57.1458896
4263 57.0797779
230 57.0784086
806 57.0545376
3972 57.1243117
3386 57.1125342
4552 57.0791048
1938 57.0795537
3966 57.1747058
3109 57.0974568
2227 57.0622275
519 57.0794501
4255 57.1744051
3398 57.0861999
4841 57.0880891
4261 57.1026922
3675 57.1431564
1095 57.0567514
2516 57.0527869
4550 57.0860696
3964 57.1667845
234 57.1742533
808 57.0832646
1384 57.0616656
4544 57.1588843
3687 57.0796396
2805 57.0554149
1097 57.0901346
4833 57.1328036
4253 57.1764349
3976 57.0795521
1673 57.0704252
4839 57.0788325
3094 57.0716297
523 57.174512
1386 57.1002392
3383 57.0990038
232 57.1331023
4542 57.1690487
812 57.1753447
226 57.0630836
4265 57.0867238
1962 57.0838021
1675 57.1134248
521 57.1343051
515 57.0619349
3672 57.1311397
4554 57.1004537
2251 57.1017447
4831 57.14706
1101 57.176314
810 57.1382464
1964 57.1289749
3961 57.1592209
224 57.0818442
804 57.0591495
1390 57.1766747
4843 57.1183596
2540 57.1229769
2253 57.1454407
1093 57.0557126
2829 57.1448292
1099 57.1446347
4250 57.1748239
513 57.0802665
236 57.1595003
1679 57.1754597
2542 57.1606245
802 57.0759106
4539 57.1730433
1388 57.1528195
1382 57.0531641
1968 57.1716393
3118 57.1634963
1677 57.1617337
2831 57.1718072
3407 57.1748194
1671 57.0534681
1966 57.1699015
4828 57.1546602
1091 57.0694276
2257 57.1643504
525 57.1587242
2255 57.175555
1380 57.0620663
3696 57.1754968
221 57.0919676
2546 57.1531734
3120 57.1762703
2544 57.1768848
814 57.1563857
2833 57.1724264
1960 57.0586837
3985 57.1643911
3409 57.1720636
1103 57.1523346
1669 57.0558204
2835 57.1384042
510 57.0905233
3122 57.1615324
799 57.0865165
1958 57.053313
3124 57.1212437
2249 57.0703903
4274 57.1434337
1392 57.1463809
3698 57.1588332
3411 57.1448139
4563 57.1176421
1681 57.138399
2247 57.0572662
3987 57.138412
1088 57.0800351
2538 57.0889585
3700 57.1243855
3413 57.1038137
1377 57.0716411
2536 57.0695873
4852 57.0940131
3702 57.0889166
3989 57.1037378
2827 57.1129077
4276 57.114849
1970 57.1284621
3116 57.138683
2259 57.1169786
245 57.0745159
1666 57.062827
4565 57.0936779
2825 57.090331
4278 57.0871307
3991 57.0795097
1955 57.0561697
4567 57.0785533
3405 57.1611379
534 57.0752957
4280 57.0779562
3114 57.1169778
4854 57.0804774
2548 57.1047939
3694 57.1747906
2837 57.0932141
823 57.0783333
4856 57.0804849
247 57.114669
4569 57.0852206
3403 57.1444819
2244 57.0549274
3983 57.175591
249 57.1610624
2533 57.0620461
4858 57.1002671
3126 57.083908
1112 57.0840725
3692 57.1663368
536 57.1158372
4272 57.1626167
3981 57.1765109
251 57.1745837
3415 57.07866
1401 57.0929608
538 57.1617865
825 57.1199138
2822 57.0788437
1690 57.1051948
4561 57.1389796
827 57.1642478
540 57.1742743
4270 57.1716684
3111 57.1038894
1114 57.1268262
3704 57.0789834
829 57.1734334
4850 57.1113898
4559 57.1528107
1979 57.1204299
3993 57.0856542
1403 57.1362135
243 57.0576879
1116 57.1680166
3400 57.1326645
1118 57.1717056
2268 57.1375192
1692 57.1472887
1405 57.1722764
4848 57.1255343
3689 57.1583935
1407 57.1685153
4282 57.098283
532 57.0578145
241 57.0550884
2557 57.1543906
1981 57.1587506
4571 57.1150809
1694 57.175857
821 57.0587698
1696 57.163191
3978 57.1740006
2270 57.1688006
530 57.0548795
1983 57.1773534
4267 57.1746221
2846 57.1681917
1985 57.1551543
1110 57.0612645
4860 57.1329697
819 57.0546277
2559 57.1753202
1399 57.066287
3135 57.1757933
253 57.1378528
2274 57.1441475
4556 57.1597267
2272 57.1753447
2848 57.1762437
1108 57.0549189
4845 57.1338757
2561 57.1687049
2563 57.1304595
3424 57.1746254
1688 57.074889
542 57.1369125
1397 57.0567288
3137 57.1701022
1977 57.0878365
831 57.1341356
3713 57.1636601
238 57.0533412
2850 57.1569668
2852 57.1150854
3426 57.1566303
3139 57.140659
527 57.0531914
1686 57.0613872
3141 57.0997534
2266 57.1051494
1120 57.1295195
4002 57.1441978
1975 57.0703284
3715 57.1372411
2555 57.1256538
1409 57.1231135
816 57.0531404
4291 57.1200744
3428 57.1215022
3430 57.086756
4004 57.1151307
3717 57.1023396
1105 57.0533873
2264 57.0845738
3719 57.0785594
2844 57.1467588
4580 57.0970188
1698 57.1151098
2553 57.1040495
4006 57.0867105
4293 57.0948288
3133 57.1646845
1987 57.1059438
1394 57.0544683
4869 57.0811764
4008 57.0772238
4582 57.0811665
4295 57.0780721
1683 57.0574635
2842 57.1270057
4297 57.083747
3422 57.1752563
2276 57.0963735
262 57.1126257
3131 57.1498797
4871 57.0778661
4584 57.0788091
3711 57.1751616
1972 57.0639354
2565 57.0874992
551 57.113638
4586 57.0975186
264 57.1499918
4873 57.0893073
3420 57.167866
2261 57.075458
4875 57.1161008
2854 57.0806919
4000 57.1633073
266 57.1742404
3709 57.1762103
840 57.1172324
553 57.150786
3143 57.0774073
4289 57.1417454
268 57.1600251
1129 57.1234509
2550 57.0928046
842 57.1536645
555 57.1743122
3998 57.1719005
2839 57.1150924
557 57.1592894
3432 57.0788916
4578 57.1156589
1418 57.1321239
4287 57.1551484
844 57.1748227
1131 57.1583317
4867 57.0921796
3721 57.0858181
846 57.1572257
1707 57.1427102
3128 57.1393173
1420 57.1641269
1133 57.1753508
260 57.083063
4576 57.1299774
3417 57.1606676
1135 57.153629
1996 57.1541595
4010 57.0979379
1422 57.1751461
4865 57.1034657
1424 57.1481861
549 57.084008
4299 57.1138566
1709 57.1699926
2285 57.1648551
3706 57.1737371
1711 57.1732295
838 57.0872648
1998 57.1745212
258 57.0643648
3995 57.1743679
1713 57.1406082
2000 57.1685786
4588 57.1310611
2574 57.1727137
547 57.0653314
2002 57.1308097
1127 57.093094
4877 57.1462767
2287 57.1761122
4284 57.1614772
2289 57.1603863
2863 57.1755063
2576 57.1732556
836 57.068482
2578 57.148355
2291 57.1190942
1416 57.1017376
4573 57.1380724
270 57.1129642
2580 57.1062952
1125 57.074005
3152 57.1714082
1705 57.1132446
2865 57.1649234
559 57.1120869
2867 57.1329644
3441 57.1596838
4862 57.1108483
3154 57.1510041
1414 57.0821631
2869 57.0938134
3156 57.1156288
255 57.0514544
1994 57.1272363
848 57.1095482
1703 57.093232
3158 57.0835008
3443 57.1326545
3730 57.1412945
2283 57.1426545
1137 57.1054726
3445 57.0986551
4019 57.1191538
3732 57.1124087
544 57.0526194
1992 57.1073026
2572 57.1576056
3447 57.077369
3734 57.084934
833 57.0564311
1426 57.100104
3736 57.0771406
4308 57.0977868
2281 57.1239387
4021 57.0938965
2861 57.1694503
1715 57.093868
4023 57.0773544
4597 57.0823216
4310 57.0811157
2570 57.1418068
1122 57.0627727
2004 57.0874266
4025 57.0837241
3150 57.175259
4312 57.0780285
1411 57.0715601
4599 57.0773588
2859 57.1584942
4314 57.0967442
4886 57.0769995
3439 57.1726242
2293 57.081695
3148 57.1707428
4888 57.0840731
4601 57.0875141
279 57.1511045
1700 57.0828712
3728 57.1606427
4603 57.1143003
4890 57.1042985
2582 57.0777869
281 57.170988
1989 57.0968813
3437 57.1752025
4892 57.133104
283 57.1683439
4017 57.1407092
3726 57.1695824
568 57.1517548
2871 57.0768733
4306 57.1167166
570 57.1711068
857 57.1541679
2278 57.11353
285 57.1348466
572 57.1678166
4015 57.1538222
3160 57.0799539
2567 57.1320196
859 57.1719424
574 57.1339417
4595 57.094385
4304 57.130769
1146 57.1581302
861 57.1665782
3449 57.0875715
4884 57.079746
1148 57.1731537
1435 57.1631247
2856 57.1504026
4593 57.1059123
863 57.1314346
1150 57.1643346
1437 57.1740691
3145 57.1655757
3738 57.0995307
277 57.1247311
1152 57.1272882
4882 57.0860363
1439 57.1605758
1724 57.1682872
566 57.125793
1726 57.1737391
4027 57.1147047
275 57.1009514
2013 57.1724166
3434 57.1738888
2015 57.171075
1441 57.1214611
1728 57.1547061
855 57.1292542
3723 57.1723192
564 57.1024341
1730 57.1140216
4316 57.1310243
2017 57.1462448
2302 57.174074
2304 57.1650729
1144 57.1349673
4605 57.1457235
853 57.1069744
2593 57.1551052
2591 57.1718013
4012 57.1598468
2019 57.1052879
2306 57.1350642
1433 57.1425608
2882 57.1412303
4301 57.1384529
2308 57.095947
2595 57.1216087
1142 57.1142886
4894 57.1558569
1722 57.1513759
2880 57.1644703
3171 57.124441
287 57.0914854
2011 57.1603991
1431 57.1238913
3169 57.1517216
2597 57.087102
4590 57.1131773
2884 57.1070295
3460 57.1067465
4879 57.0909673
2886 57.0802026
2300 57.1682214
1720 57.1351208
576 57.0908758
3173 57.0931645
3458 57.1343787
3749 57.0909869
2589 57.1730967
865 57.0891733
3747 57.1146612
272 57.082451
2009 57.147096
4038 57.0803238
3175 57.0768331
3462 57.0823147
2878 57.1731847
3751 57.0768054
561 57.0843505
4036 57.0960156
3167 57.1670135
1154 57.0865793
4040 57.0783887
4327 57.0774527
3464 57.0783718
2298 57.1586044
1443 57.0834424
4325 57.0824617
3456 57.1540963
3753 57.0855761
4616 57.0837079
850 57.0902201
2587 57.1680058
4329 57.0876168
1139 57.0994693
4905 57.0983437
4614 57.0775231
3745 57.1355031
1732 57.0802879
4618 57.103378
4903 57.0830133
4042 57.0981934
2876 57.1732993
2021 57.0778264
10 57.2151614
1428 57.111236
4034 57.1141069
4331 57.1147287
3165 57.1724793
8 57.0848052
4323 57.0942533
4907 57.1228031
1717 57.1245723
299 57.2158479
2310 57.0769159
297 57.0904356
4620 57.1324958
12 57.1575961
2599 57.0784558
3454 57.1641889
4612 57.0807722
588 57.2175073
4909 57.1480302
2006 57.1385126
3743 57.1484984
586 57.1074856
4901 57.0775207
301 57.155026
2295 57.1519702
2888 57.0832114
877 57.2178038
875 57.134221
14 57.0596905
590 57.1475218
3177 57.0915892
4032 57.1274797
1166 57.2133426
6 56.9590967
303 57.0588542
2584 57.1635382
3466 57.1034097
4321 57.1052125
1164 57.1663869
295 56.9590069
2873 57.1713856
879 57.1351678
1455 57.2007105
1453 57.196727
592 57.0567284
1168 57.118464
3755 57.1177434
584 56.9627311
4610 57.0870007
881 57.0542607
3162 57.1734528
1744 57.1779569
4899 57.0778829
1742 57.2161503
873 56.9784092
4044 57.1328846
3451 57.1680357
1457 57.0988001
2031 57.2166739
1170 57.0529277
2033 57.1460774
4333 57.1465237
1746 57.0788101
1162 57.0130385
4 57.1608704
1459 57.05455
3740 57.1546315
2322 57.1097827
293 57.1370165
1451 57.0666174
2320 57.1950821
4029 57.1347064
2035 57.0623212
4622 57.1561387
1748 57.0609437
2609 57.1554722
1740 57.1295368
2611 57.0768861
2324 57.0536863
4911 57.1595681
582 57.0768002
2037 57.0733964
4318 57.1119498
2900 57.0561214
871 57.0082746
2898 57.1090349
4607 57.0916925
2029 57.1850265
16 57.0874799
3189 57.0539552
2613 57.0565135
2326 57.0920462
3187 57.0705849
2318 57.2158712
4896 57.0794799
2902 57.0721268
305 57.0887306
1160 56.9636344
2615 57.1153559
3478 57.0716194
594 57.0924986
2904 57.1399517
3476 57.0529691
1 57.8079536
2607 57.2123031
3767 57.1037672
3191 57.0983732
1449 56.9647004
3765 57.0616928
883 57.0989681
3480 57.1294438
3193 57.1610664
2896 57.1771427
1738 57.0133101
290 57.7429425
4056 57.1396686
1172 57.1082865
3482 57.1736627
4054 57.0922625
4345 57.1668246
579 57.5696418
3185 57.1254218
3769 57.1571099
2027 57.0908131
4343 57.1316805
1461 57.1203352
4058 57.173221
3771 57.1740236
2316 57.166696
4634 57.1757242
3474 57.0783775
1750 57.1344759
868 57.3441931
4060 57.1613106
27 57.2158832
4632 57.1637002
1157 57.1353915
4347 57.1726755
3763 57.0544752
2605 57.2122727
25 57.0907263
2039 57.1493581
4636 57.1556763
4349 57.1384371
2894 57.2131266
316 57.2164263
4052 57.0615926
2328 57.1628896
1446 56.9991102
4638 57.1117252
605 57.2176767
314 57.096283
29 57.1550429
3183 57.174649
1735 56.9594867
4341 57.0939646
603 57.1130578
2617 57.1724649
318 57.152471
3472 57.1183935
31 57.0589662
894 57.2173504
2906 57.1754929
2024 57.0037455
4630 57.135262
1183 57.212151
320 57.0581839
892 57.1391865
607 57.1449797
2313 57.0916107
3761 57.0713756
23 56.9595203
1181 57.1703038
3195 57.17016
896 57.1326905
609 57.0562209
1472 57.1988132
4050 57.0536447
3484 57.1562372
2602 57.174471
312 56.960028
1470 57.1991645
898 57.0540153
1761 57.1755627
2891 57.2158025
1185 57.1161541
601 56.9652933
4339 57.0699205
1759 57.2168638
3773 57.1356337
1474 57.096809
2050 57.1435535
1187 57.0530244
4628 57.1088309
3180 57.20424
4062 57.1123914
1476 57.0550347
890 56.9828155
2339 57.1075792
2048 57.2157513
3469 57.1543671
1763 57.0773149
21 57.1373504
1179 57.0188149
4351 57.0919361
2337 57.1929842
2628 57.0754148
2052 57.0614813
1765 57.0618125
310 57.1154037
4640 57.0796532
3758 57.0961407
2054 57.074582
1468 57.0726836
2917 57.0556268
2626 57.1529317
2341 57.0535889
4047 57.0589375
1757 57.1346115
599 57.0603645
2915 57.1068419
33 57.0888088
2343 57.0934139
2630 57.0571239
888 56.9988589
3206 57.054427
322 57.0900695
4336 57.0580108
2632 57.116716
2046 57.1881029
3204 57.0693392
3495 57.0727843
4625 57.0891753
2919 57.0732676
2335 57.2165747
1177 56.9612483
3493 57.0528966
611 57.0938641
2921 57.1410901
1466 56.9677035
3208 57.0997462
900 57.10036
3784 57.1051726
3210 57.1617931
18 57.7424927
3782 57.0626002
2624 57.210996
4073 57.1408318
307 57.6812221
1755 57.0190804
2913 57.174745
3497 57.1306964
4071 57.0936444
3499 57.1738635
1189 57.1096805
3786 57.1579315
2044 57.0966414
1478 57.1216788
4362 57.1673942
596 57.5182351
3788 57.1737002
3202 57.1230373
4360 57.132935
4651 57.1755925
1767 57.1356908
885 57.3072359
3491 57.0768856
4075 57.1734354
4649 57.164363
2333 57.1705934
4077 57.1605916
4364 57.1722966
2056 57.15035
3780 57.0542512
2622 57.2134331
44 57.2173014
4366 57.1375504
1174 57.1138308
2345 57.1635641
333 57.2174314
42 57.10798
4069 57.0624528
1463 56.99089
2911 57.2119233
4655 57.1109357
622 57.2174994
4358 57.0953312
331 57.1132654
4653 57.1549013
2634 57.1727501
3200 57.1722299
1752 56.9605098
46 57.1474491
620 57.1290847
48 57.0570808
911 57.2153871
4647 57.1364581
2923 57.1753623
3489 57.1160787
2041 57.009237
337 57.0564533
1200 57.2081028
909 57.1532471
40 56.9640714
2330 57.0974415
335 57.1448796
1198 57.1811325
3778 57.0701143
3212 57.1696517
624 57.1374417
626 57.0549523
1489 57.1928206
329 56.9661198
2619 57.1780618
1487 57.2055854
3501 57.1554597
4067 57.0537257
915 57.0534932
1778 57.1682732
2908 57.2163954
618 56.9753283
913 57.1253694
1776 57.2182729
4356 57.0710001
1202 57.1093655
3790 57.1347534
1204 57.0534813
2067 57.1360551
3197 57.2025503
907 56.9974509
2065 57.2125077
4079 57.1116011
2356 57.1011709
4645 57.1102096
3486 57.151842
1196 57.0366045
1493 57.0566078
1491 57.0910106
2354 57.1864979
38 57.0778463
1780 57.0730325
4368 57.0914088
1782 57.0644929
3775 57.0941626
2645 57.0712556
2643 57.1453542
1485 57.0905717
2934 57.0543717
4657 57.0794956
4064 57.0582704
1774 57.1490716
327 57.0610586
2071 57.0781727
2932 57.1004447
2069 57.0591758
50 57.0928199
616 57.0200012
2358 57.0534938
2360 57.097517
4353 57.0586383
3223 57.0559872
339 57.0941061
2063 57.1964581
2649 57.1207693
3512 57.0763196
3221 57.0658094
905 56.9773536
4642 57.0904997
2352 57.217974
2647 57.0591074
2938 57.1444632
3510 57.0528271
628 57.0979642
35 57.568145
1194 56.9584198
2936 57.0767781
3801 57.1093425
917 57.1045175
2641 57.2066673
3227 57.1639292
3799 57.0653748
4090 57.1442306
324 57.5171554
2930 57.1674524
1483 56.978849
3225 57.1038853
3516 57.1744334
1206 57.113822
4088 57.0977616
4379 57.1690152
3514 57.1344216
613 57.3824752
1772 57.0368641
4377 57.1366346
1495 57.1256515
3219 57.1159976
3805 57.1727185
4668 57.1751453
902 57.2110239
3803 57.1603365
3508 57.0726064
4094 57.1584452
2061 57.113605
1784 57.1392669
4666 57.1663022
4092 57.1740197
2350 57.1814027
61 57.2170451
59 57.134669
1191 57.0595399
2073 57.1532525
4383 57.1349148
3797 57.0537502
2639 57.2161309
350 57.2165457
4381 57.1711197
4086 57.0651239
1480 56.9725683
4672 57.1085906
348 57.1393573
2362 57.1655156
65 57.0549355
4670 57.1525568
639 57.2148255
2928 57.2078635
637 57.1532163
1769 56.9666037
4375 57.0994419
354 57.0545586
63 57.134894
928 57.210061
2651 57.1735393
4664 57.1400145
3217 57.1648791
2058 57.0264391
926 57.1736878
643 57.0538003
2940 57.1749161
352 57.132372
2347 57.1144064
1215 57.1959453
932 57.0535318
3506 57.1092848
57 56.9806296
1217 57.1997761
3229 57.1680899
3795 57.0665686
641 57.1251442
1506 57.1818536
346 56.984529
2636 57.1879124
1221 57.0550627
1504 57.2131574
3518 57.1531119
930 57.1136127
4084 57.0541663
1510 57.0599179
2925 57.2174149
1793 57.2180066
635 56.9983452
1795 57.1558044
3807 57.1321197
4373 57.0743324
1219 57.0987027
2084 57.1238551
924 57.0254161
3214 57.1971184
1799 57.0694725
4096 57.1092546
2082 57.2053359
4662 57.1143353
3503 57.1442813
2088 57.0844564
1508 57.0821881
2373 57.0912518
4385 57.0898596
2371 57.174916
1213 57.0670052
55 57.0102603
4674 57.0790528
1502 57.118834
2662 57.0653127
3792 57.0884634
1797 57.0668618
2377 57.1044238
344 57.000472
2660 57.13286
67 57.0996376
1791 57.1702591
2666 57.127375
2086 57.056318
4081 57.0565437
2949 57.0905371
2951 57.0532338
633 56.9782704
356 57.1009506
3238 57.0609141
3240 57.0592847
2080 57.2071761
4370 57.0607061
2955 57.1497646
2375 57.0542094
922 56.9606887
4659 57.094522
2369 57.2176982
3244 57.1670763
2664 57.063056
3527 57.0535688
645 57.1048674
1211 56.9658529
3529 57.0825284
3816 57.0704891
934 57.1114423
2658 57.1979568
3818 57.1162279
52 57.3414431
1500 57.0031174
3533 57.1749719
2953 57.0829612
2947 57.1549809
341 57.3048553
4105 57.1046827
3822 57.1707612
3242 57.1107923
1789 57.0672593
1223 57.1206263
4394 57.1425248
4107 57.1495586
3236 57.1048295
1512 57.1320712
630 57.2097071
3531 57.140373
2078 57.1396786
4396 57.1712782
4111 57.1546975
3525 57.0664388
919 57.0931058
4683 57.169114
4400 57.1305193
3820 57.1639374
2367 57.1961961
1801 57.1449262
4685 57.1740277
76 57.1664432
1208 56.9990091
3814 57.0538096
2656 57.2178443
2090 57.1577084
4109 57.1745734
78 57.2117839
4689 57.1048176
4103 57.0700933
1497 56.9600748
365 57.1700991
82 57.0539632
4398 57.1688464
2379 57.1683401
2945 57.1995252
367 57.2105396
654 57.180739
1786 56.9850152
4392 57.1063514
3234 57.1523615
2668 57.1744277
4687 57.1485148
656 57.2067319
371 57.0539185
4681 57.145653
2075 57.0565725
945 57.1989665
943 57.1955895
660 57.0541374
80 57.1179375
3523 57.0986167
2957 57.1737992
74 57.0159351
369 57.1155643
1232 57.2098963
2364 57.1404802
1234 57.1854793
3812 57.061657
3246 57.1652169
949 57.0554138
363 57.0212251
1523 57.1650731
1521 57.2175544
2653 57.2010858
658 57.108861
1238 57.0589046
4101 57.0557307
3535 57.1490659
1810 57.2127347
947 57.098422
652 57.0382169
1812 57.1382022
4390 57.0802665
3824 57.1277423
2942 57.2165434
1527 57.0658875
941 57.0677377
2101 57.1077764
3231 57.1868882
2099 57.1922416
1236 57.0854137
1816 57.0773936
4679 57.1211231
4113 57.1054797
2388 57.1576599
1525 57.0717907
1230 57.1082039
2390 57.0791745
72 56.9666203
3520 57.1318051
4402 57.08749
2105 57.0937451
2679 57.0591271
1519 57.1535316
3809 57.0798413
1814 57.0603426
2677 57.116065
2394 57.1141004
4098 57.0546535
4691 57.0785422
2966 57.0784717
2103 57.0543782
361 56.9638557
2968 57.0535855
84 57.109315
1808 57.1932765
650 56.9603436
3257 57.0652418
2683 57.1361855
373 57.1106339
939 56.9668754
2097 57.2156539
3255 57.0561862
3546 57.0917473
2392 57.0569581
4387 57.0647917
2386 57.212417
2972 57.1564167
1228 56.9937609
3544 57.0563442
2681 57.0697917
662 57.1145399
4676 57.1013524
3835 57.1256169
3833 57.0785595
2675 57.1832719
1517 57.0437507
951 57.1209983
3261 57.1705524
4124 57.1562382
2970 57.0921539
2964 57.1373763
69 57.1316697
3550 57.1748359
4122 57.1143736
3259 57.1203311
4413 57.1734985
1806 57.1084526
1240 57.1298279
358 57.1104378
3253 57.0906854
4411 57.1500974
1529 57.1405309
3542 57.0599226
2095 57.1704027
4702 57.1716929
3548 57.1480537
3839 57.1673526
3831 57.055712
647 57.0572003
95 57.1982783
3837 57.1680605
4128 57.1491225
1818 57.1521283
936 56.9979912
384 57.1963219
2384 57.2101278
4417 57.1244028
4120 57.0780034
4126 57.1744535
4706 57.0998667
4700 57.1721129
2673 57.2149481
2107 57.1630769
4409 57.116005
1225 56.9624497
673 57.1905671
4415 57.1650352
93 57.1960741
1514 56.9701577
962 57.1801612
99 57.0559506
2962 57.1852167
4698 57.1528336
2396 57.1713525
4704 57.1426258
388 57.0562909
3251 57.1347934
91 57.0698061
2685 57.1747592
382 57.1982707
1803 57.0217138
1251 57.1641903
380 57.075421
671 57.2045197
97 57.0980869
2092 57.0985148
677 57.0576313
1540 57.1424842
2974 57.1714648
386 57.0960175
3540 57.0853221
966 57.0606459
669 57.0925481
3263 57.1606638
3829 57.0569124
960 57.2121406
2381 57.1712032
1829 57.1164535
675 57.0903002
958 57.1199608
1249 57.2168976
2670 57.2128172
2118 57.0895715
1255 57.066272
4118 57.0595551
3552 57.1431722
964 57.081704
1544 57.0754555
1247 57.1539421
3841 57.1216926
4407 57.0892144
1538 57.213901
2407 57.0670933
2959 57.2105513
1253 57.0715909
1536 57.1874821
1827 57.1992177
2696 57.0548154
3248 57.1707471
1542 57.0620086
1833 57.0887964
4130 57.1005263
4696 57.1303078
2122 57.1061389
1825 57.2112325
4419 57.0846506
1831 57.0556054
89 56.9685726
2116 57.1718203
3537 57.1150295
2985 57.0570944
2114 57.2164511
2405 57.135033
2120 57.0552252
3274 57.0747974
2411 57.1262161
3826 57.0697603
4708 57.0783193
378 56.9712168
2403 57.1988909
2700 57.1465113
101 57.1216266
667 56.9817175
2409 57.0631451
2694 57.0965304
3563 57.1041086
2692 57.1617141
4115 57.0540186
2983 57.0664029
3852 57.1369706
2698 57.0801072
2989 57.1635051
4404 57.0716915
390 57.1229034
956 57.0051264
2981 57.1156255
3278 57.1733941
1245 57.0447641
679 57.1266509
3272 57.0536762
4141 57.1633551
4693 57.1110217
2987 57.1044881
3270 57.0755907
1534 57.0978826
86 56.9950525
3561 57.0625583
4430 57.1747404
3567 57.1731964
968 57.1327342
3276 57.1320504
1823 57.1541858
3856 57.161948
3559 57.0551884
1257 57.1408275
375 56.9871449
3850 57.0900908
2112 57.1985571
4719 57.167483
3565 57.1566218
3848 57.0609644
664 56.9698896
4139 57.1265038
112 57.1748198
3854 57.1717372
4145 57.1415376
1546 57.1502786
2401 57.2171099
4434 57.1167322
4137 57.0893944
1835 57.1599913
4143 57.1728309
953 56.9587454
4428 57.1584995
2690 57.2037545
401 57.1723587
4426 57.1280467
1242 56.9698684
4432 57.1591938
4717 57.1743434
690 57.1653032
4723 57.0941553
2124 57.1683989
2979 57.1639161
4715 57.1606741
116 57.0626864
2413 57.1735969
4721 57.1348116
1531 57.010941
110 57.2146258
3268 57.1132356
108 57.132574
979 57.1533935
399 57.2151153
1820 57.0759124
114 57.0781114
1268 57.136599
2702 57.1736788
405 57.0634175
397 57.1372403
3557 57.0714935
2991 57.1672551
694 57.0658808
403 57.0765302
688 57.2163664
2109 57.1464103
686 57.1509848
3846 57.0543853
1557 57.1157311
977 57.2161578
692 57.0723315
1846 57.092992
2398 57.1993552
3280 57.1540458
983 57.0705849
975 57.1713624
4135 57.0669043
3569 57.1353524
1272 57.0781807
1264 57.1936895
1266 57.2112479
981 57.0663963
4424 57.1014062
2135 57.0721286
2687 57.2172679
1555 57.198385
2976 57.1963473
1270 57.060172
2424 57.0579019
3858 57.114178
1561 57.0892097
1553 57.2112451
4713 57.14129
3265 57.1483795
4147 57.0948119
1850 57.1037822
1842 57.2167372
1559 57.0556413
1844 57.1757468
106 57.017785
2139 57.1212435
2713 57.0548095
3554 57.0955156
2133 57.1443795
2428 57.1399368
1848 57.0551191
2131 57.2049265
4436 57.0818527
3843 57.0604129
395 57.0232405
3002 57.0653595
4725 57.0788593
2420 57.1754112
684 57.0404436
2422 57.1089349
2717 57.1572051
2137 57.0607866
3291 57.0885394
4132 57.056397
3006 57.1697549
2711 57.0770545
2709 57.1340935
2426 57.0739806
4421 57.0821619
118 57.1358406
973 57.0700472
3580 57.1192524
407 57.1370009
2998 57.0921623
1262 57.1102984
3295 57.1744137
3000 57.0572243
2715 57.0944075
4710 57.1232776
3869 57.1492642
3584 57.1691527
3289 57.0556592
3004 57.1196043
696 57.1403661
1551 57.1550451
103 56.9557877
3287 57.0624957
4158 57.1696341
985 57.145703
3873 57.154071
1840 57.1939283
3578 57.0734215
3576 57.0547049
3293 57.1450033
4162 57.1319318
392 56.9571379
4447 57.1738984
3867 57.1051429
3582 57.1648293
1274 57.1525495
2129 57.2153848
681 56.9643418
3865 57.0709232
4736 57.1607628
1563 57.1601211
2418 57.2114409
4451 57.1078931
4156 57.1402387
3871 57.1737479
4154 57.1043677
970 56.9841602
4740 57.0883081
4445 57.1664776
4160 57.1688048
129 57.142634
2707 57.1820126
1852 57.1672489
1259 57.0219507
418 57.140032
4443 57.1416184
4734 57.1746459
133 57.0754261
2141 57.1724113
4449 57.1509174
2996 57.1363132
4732 57.1679083
422 57.0764904
1548 57.0764678
127 57.2143478
707 57.1327598
4738 57.1251845
3285 57.0901743
2430 57.1739139
1837 57.1377345
125 57.1875352
996 57.1211125
711 57.0798897
3574 57.0600687
414 57.1902414
131 57.0619323
2719 57.1702403
416 57.2132065
1000 57.0859283
2126 57.1896025
3008 57.1605349
705 57.2098078
703 57.1979228
3863 57.0563511
1285 57.105835
1289 57.0949205
2415 57.2161791
420 57.0610067
994 57.2026909
1574 57.0885038
3297 57.1450991
4152 57.0787942
992 57.2078676
709 57.0587953
1578 57.1069622
2704 57.2091623
3586 57.1257192
4441 57.1165897
1283 57.1899491
1281 57.2156787
1863 57.071778
1867 57.1216642
2993 57.1723977
1572 57.1701679
998 57.0561899
2152 57.0592622
1570 57.2160834
4730 57.152994
3875 57.1056264
2156 57.1379166
1287 57.054563
1859 57.2045439
3282 57.1211429
1861 57.1435479
4164 57.0889611
2441 57.0548113
123 57.095471
2445 57.1537821
2150 57.112785
3571 57.0760617
1576 57.0556306
2148 57.1793332
2730 57.0613263
412 57.1010414
1865 57.0611634
2734 57.1666326
4453 57.0797631
2437 57.1432038
3860 57.0545751
2439 57.0831712
4742 57.0807172
701 57.1175022
3019 57.0793843
4149 57.0635302
2728 57.0615419
3023 57.1736037
2154 57.0725094
3308 57.1062798
2726 57.1036187
990 57.1428668
2443 57.0899842
135 57.1505477
3017 57.0541468
3312 57.1723472
4438 57.0965632
3597 57.1360662
3015 57.0709469
2732 57.1123119
424 57.1514978
4727 57.1373615
3306 57.0640969
713 57.1542055
1279 57.1727175
3886 57.1609076
3304 57.0549383
3601 57.1619173
3021 57.1363898
120 57.0008418
1568 57.1999283
3593 57.060752
1002 57.1583553
3890 57.1434958
3310 57.1576402
3595 57.0894532
4175 57.173513
1857 57.2159128
409 57.0066993
1291 57.1633814
3882 57.0862861
3884 57.1229885
3599 57.1710559
4464 57.1698625
698 57.0250795
4179 57.1206074
2146 57.2134598
4171 57.1222364
4173 57.1540984
4468 57.0985702
3888 57.1727585
2435 57.1901229
1580 57.16842
4460 57.1552244
4753 57.1511068
987 57.0567016
4177 57.1615878
4462 57.1724168
146 57.1065604
1869 57.1723054
4757 57.0831686
1276 57.0998113
2724 57.1504483
4749 57.1729405
435 57.1042627
4466 57.1400658
150 57.0942616
3013 57.1055377
142 57.2176417
4751 57.1718123
2158 57.1736569
1565 57.1480781
4755 57.1141742
144 57.1922524
724 57.0980674
439 57.0955317
2447 57.1710953
1854 57.1907386
3302 57.0695744
431 57.2179958
1013 57.0886887
148 57.0539007
728 57.0994764
3591 57.0544537
2736 57.1635895
720 57.2187464
433 57.1899235
437 57.0537249
2143 57.215653
1017 57.1061764
722 57.1832671
1302 57.0773994
2432 57.2142488
3025 57.1508786
1009 57.2177182
3880 57.0647713
1591 57.066178
726 57.0537414
1306 57.1155934
4169 57.0955148
1298 57.2117782
1011 57.1717197
2721 57.186018
1015 57.0547331
3314 57.1338489
1595 57.1273867
1300 57.1547881
1880 57.0576913
3603 57.1147019
3010 57.1400843
4458 57.1337467
1587 57.1978518
2169 57.0549439
1304 57.0578193
1884 57.1407237
3892 57.0967576
4747 57.1638073
1589 57.1327685
1593 57.0642474
1876 57.1743392
3299 57.0925776
2173 57.1541564
2458 57.0605295
1878 57.1074606
4181 57.0838176
3588 57.0605723
1882 57.0750679
140 57.1710617
2747 57.0756122
2165 57.1424984
2462 57.1656445
4470 57.0791653
429 57.174754
2751 57.1728054
2167 57.0825092
2171 57.090701
2454 57.1071081
3877 57.0551317
3036 57.0989875
4759 57.084454
2456 57.0630148
3040 57.1734173
4166 57.0766105
718 57.1851348
152 57.163647
3325 57.1266923
2743 57.0757922
2460 57.1104786
1007 57.1992991
3329 57.1661106
2749 57.1323349
2745 57.0542704
3032 57.056859
4455 57.1144685
441 57.1642904
3614 57.1525632
3034 57.0598784
3038 57.1528578
1296 57.2124245
4744 57.1518453
730 57.1660612
3618 57.1510659
3903 57.1698283
3321 57.0562313
1585 57.2185046
4192 57.1733575
3610 57.0746591
3907 57.1304478
3327 57.1678649
3323 57.0799105
1019 57.1685946
137 57.0894914
3616 57.1734959
3612 57.109976
4481 57.1617778
4196 57.1083041
1874 57.2120076
1308 57.1712768
426 57.0957363
3899 57.1065534
4770 57.1385217
2163 57.190161
4485 57.0897832
3905 57.1675727
4188 57.1412818
3901 57.1418803
1597 57.173245
4774 57.0797585
715 57.1139567
4194 57.1507556
4190 57.165975
163 57.0743779
2452 57.1549428
1886 57.173437
1004 57.14161
4477 57.1667575
452 57.0727931
167 57.1175995
4479 57.1745311
4766 57.1740469
2741 57.11362
4483 57.126955
2175 57.1707235
456 57.1188885
1293 57.173585
3030 57.0770907
741 57.0688297
4768 57.1648438
2464 57.1641424
3319 57.0562564
745 57.12282
1030 57.0634106
2753 57.1532171
1582 57.2021701
159 57.2133436
4772 57.1026265
161 57.1525771
3042 57.138293
1034 57.1292608
3608 57.0577038
448 57.2116836
1871 57.2184958
3331 57.1207776
1319 57.0579948
1323 57.1378524
165 57.057505
450 57.149776
3897 57.0805672
739 57.1419955
737 57.2067076
2160 57.2154398
1608 57.0545234
454 57.0580501
4186 57.116168
3620 57.1031466
1026 57.1972421
1612 57.1478892
2449 57.1909434
1028 57.1294969
1897 57.055204
1901 57.1582221
743 57.0601681
3909 57.0886077
4475 57.1509423
1315 57.181883
1317 57.1129798
2186 57.0620506
2738 57.1500621
1604 57.1598936
4764 57.1716838
2190 57.1672487
1032 57.0644219
4198 57.0804029
3027 57.1043282
2475 57.0761977
1606 57.0940002
3316 57.0681333
2479 57.1730509
1321 57.0715248
157 57.2159392
4487 57.0808706
1893 57.1321979
1895 57.0752637
2764 57.09716
446 57.2169282
2182 57.1020491
2768 57.1737206
3605 57.053325
1610 57.0821069
4776 57.0905279
2184 57.0605238
3057 57.1678577
3053 57.1223479
3894 57.0642666
1899 57.0964107
735 57.2192538
169 57.1725823
2471 57.0749031
2473 57.0538936
1024 57.2204006
3342 57.1471831
2760 57.0572213
3346 57.155144
4183 57.0956598
458 57.1728419
2762 57.0586053
2188 57.1139556
3635 57.1368108
1313 57.2167485
4472 57.1343553
2477 57.1332665
747 57.1734603
3051 57.0755604
3631 57.1660207
3924 57.1157746
1602 57.2046786
3340 57.1022672
3049 57.0543707
4213 57.096256
3920 57.1737817
1036 57.1740684
2766 57.1518107
1891 57.182108
3338 57.0683011
4761 57.1646247
3055 57.1662859
1325 57.1740782
4502 57.0828415
154 57.172703
3629 57.1327928
4209 57.1678295
3627 57.0960043
3344 57.1733248
4791 57.0791603
3918 57.1590746
443 57.1767489
4498 57.1493683
2180 57.1499982
1614 57.1727248
4787 57.1236555
184 57.1420187
3916 57.1296566
2469 57.1131155
1903 57.1691592
4205 57.1587654
4207 57.1733957
732 57.1879249
180 57.0546178
3633 57.1705205
4496 57.1712273
1021 57.2027612
473 57.1431116
1310 57.215822
469 57.0539919
4494 57.1737675
2758 57.079386
3922 57.1574845
2192 57.1626084
4785 57.1532885
3047 57.0576747
758 57.0529164
4783 57.1697431
2481 57.1526032
762 57.1463984
4211 57.1365205
176 57.1776689
2770 57.1392431
1599 57.2207616
178 57.1065138
4500 57.1125098
3336 57.0545698
3059 57.123426
1051 57.1515758
1888 57.2121864
1047 57.052286
3625 57.071403
465 57.1748936
1340 57.1580491
1336 57.0533895
467 57.1040206
3348 57.106944
2177 57.1879228
3914 57.1029062
4789 57.0918292
756 57.0973772
3637 57.092341
1629 57.1648812
1625 57.0577191
1045 57.0874154
2466 57.1507725
754 57.1669342
182 57.0738573
1918 57.170792
4203 57.1384067
3926 57.0824722
1043 57.1536841
1914 57.0666518
2755 57.1086998
4492 57.1654345
1334 57.0755698
471 57.0749501
2207 57.1742509
4215 57.0797996
1332 57.1353687
760 57.0786219
2203 57.0809924
1623 57.0639916
3044 57.0728714
2496 57.1736967
4781 57.1744656
2492 57.1004499
1621 57.113133
4504 57.0855724
3333 57.0539081
1049 57.0851431
2781 57.123224
1912 57.0554887
174 57.2158858
4793 57.0991527
2785 57.1678907
1338 57.0947364
2201 57.0531309
1910 57.0895299
3070 57.1459436
3074 57.1563532
463 57.2145205
3622 57.0576853
2199 57.0685765
186 57.1748678
3359 57.1641635
1627 57.1073665
2490 57.0594696
3911 57.0824937
752 57.2101208
475 57.1747113
1916 57.1225083
3363 57.1397719
2488 57.0551201
2779 57.0755145
3648 57.1734584
1041 57.2012553
2777 57.0534966
4200 57.1190253
3652 57.1202198
764 57.1740981
3937 57.1708894
2205 57.138949
4489 57.1535436
3068 57.0998266
1330 57.1862185
1053 57.1727063
2494 57.1547137
4778 57.1731635
3941 57.1010148
3066 57.0658178
3357 57.1281936
4230 57.0861275
4226 57.1563573
1619 57.1640445
1342 57.1700529
3355 57.0905467
171 57.2137565
4515 57.1332487
2783 57.167214
1908 57.1355893
1631 57.1655678
3646 57.1542692
4519 57.079187
460 57.2148281
3644 57.1221043
3072 57.1736935
3935 57.1712309
1920 57.1587123
4804 57.1079185
2197 57.1042281
4808 57.0823176
3933 57.1519902
2486 57.0756866
197 57.0534351
749 57.2172246
3361 57.1719496
2209 57.1491444
4224 57.1740556
201 57.1627449
1038 57.2180815
3650 57.1611788
4222 57.1713197
2775 57.0567508
486 57.0537652
490 57.1634464
2498 57.1369149
4513 57.1616027
3064 57.0530582
4511 57.1739958
1327 57.2134789
775 57.0554964
779 57.1655266
3939 57.1426616
2787 57.1226547
1616 57.1998039
4802 57.1375835
3353 57.0666913
3076 57.1076879
4228 57.1199501
1064 57.0592924
4800 57.1592693
1068 57.1685859
195 57.0687381
1905 57.175399
3642 57.0946083
193 57.1257889
1353 57.0659905
4517 57.0983116
1357 57.1719185
3365 57.0939887
2194 57.1419598
484 57.0671554
1642 57.076354
4806 57.0834175
482 57.1229933
3931 57.1288146
3654 57.0839201
1646 57.1745319
773 57.0633391
4220 57.1585826
771 57.1152583
2483 57.104993
1931 57.0907516
199 57.1005692
2772 57.0728132
3943 57.0797405
2220 57.1088003
1062 57.0583421
4509 57.1741345
1935 57.1752298
488 57.1019135
1060 57.1032791
1351 57.0537776
4232 57.0829513
4798 57.1704203
2224 57.1727795
2509 57.1290671
777 57.1062431
1349 57.0883779
3061 57.0540828
191 57.1765755
2798 57.1489778
1640 57.0516949
4521 57.0936533
3350 57.0546062
1066 57.1135234
1638 57.0727345
2513 57.1661732
1929 57.0542907
1355 57.1234988
480 57.1739848
4810 57.1101463
2802 57.1549544
3087 57.1650894
1927 57.0594235
769 57.166308
3639 57.074621
3376 57.1738029
203 57.1688364
1644 57.1355457
2218 57.0633951
3928 57.1078823
2216 57.0520518
3091 57.1395445
1933 57.1485491
1058 57.1532843
492 57.1682963
2507 57.0797811
3665 57.1724281
3380 57.1214573
1347 57.1349973
2505 57.0539144
4217 57.1432577
2222 57.160859
3954 57.1603105
781 57.166566
2796 57.1024864
1636 57.1125506
4506 57.168527
2794 57.066811
2511 57.1703923
1070 57.163418
3669 57.1032757
3085 57.1284581
4243 57.1395817
1925 57.0885944
3958 57.0882903
3083 57.0899169
2800 57.1749322
4795 57.1750204
4532 57.1151082
1359 57.1585432
3372 57.119243
3374 57.1528292
188 57.201403
2214 57.0673488
3089 57.1726326
1648 57.1516414
4247 57.0797886
3663 57.1699774
4821 57.0934293
4536 57.0801164
3378 57.1626489
2503 57.0538754
3661 57.1481474
477 57.2001967
214 57.0717439
3950 57.1690183
1937 57.142545
3952 57.1752064
766 57.1961745
3667 57.1457166
4825 57.0897708
2792 57.0526238
2226 57.1313647
4241 57.166546
503 57.0727692
3081 57.0656478
4239 57.175741
218 57.1747971
3956 57.1244357
1055 57.1877187
3370 57.0911876
4528 57.166098
792 57.076479
2515 57.1186308
4530 57.1459548
1344 57.1730092
4245 57.1030274
507 57.1749845
2804 57.1053894
3659 57.1233643
796 57.175521
1081 57.0831898
4819 57.1192824
4817 57.1430743
1370 57.0931514
1633 57.151194
4534 57.0864681
210 57.0789727
3948 57.153432
3093 57.0931975
1085 57.1760001
1922 57.1235013
212 57.0518657
3382 57.0839652
4823 57.0791267
1659 57.1063205
501 57.0514359
4237 57.1724308
1374 57.175748
499 57.0770437
1948 57.1221208
2211 57.0937888
3671 57.0796195
4526 57.1744009
216 57.1316598
788 57.0720486
1663 57.1739007
2500 57.0681031
3960 57.0816157
790 57.0510555
505 57.1329029
4815 57.1588902
2237 57.1392486
794 57.1368475
1079 57.0516641
1952 57.1695447
4249 57.0903984
2526 57.1556132
1077 57.0650445
208 57.1198324
1083 57.1432077
1368 57.0545623
2789 57.0531272
2241 57.161924
2815 57.1685111
1657 57.061156
4538 57.1049769
497 57.1173314
1366 57.0577318
1372 57.1513615
3078 57.0538687
2530 57.1506931
4827 57.1228069
786 57.1102203
3104 57.1751019
1655 57.0523914
1661 57.1602898
1946 57.0725838
3367 57.0713951
2819 57.1361724
3393 57.1731606
2235 57.0892439
220 57.1544174
1075 57.0990619
1950 57.1685739
1944 57.0516208
3108 57.1195311
2524 57.1103187
3656 57.1016205
1364 57.0850524
2233 57.0577816
3682 57.161939
509 57.1535983
2239 57.1744929
3945 57.1359081
3397 57.1028067
3971 57.1428455
2813 57.1334837
2528 57.1762558
1653 57.0703134
798 57.1510767
2522 57.0721998
3102 57.1550189
1942 57.0579444
4234 57.1636024
3686 57.0886802
2811 57.0943369
4260 57.1196019
2817 57.172371
1087 57.1467517
4523 57.1757491
3391 57.1704769
3106 57.1621125
4549 57.097637
3975 57.0799731
2231 57.0516158
3100 57.1212857
3680 57.1758709
1376 57.1405294
2520 57.0546414
4812 57.168593
3395 57.1459709
3389 57.1479609
4838 57.0827215
4264 57.0789249
3969 57.1690958
1665 57.1324129
205 57.1505823
3684 57.1259246
231 57.1039839
2809 57.068721
4258 57.1510798
4553 57.0864147
1954 57.1226103
3678 57.1681745
3098 57.0927975
494 57.1485343
3973 57.1053495
4547 57.1261163
3967 57.1764502
520 57.1052641
2243 57.1116387
783 57.1424038
4842 57.1013793
4262 57.0884539
4836 57.1010296
809 57.1096249
3387 57.122587
235 57.1745814
229 57.0611596
4256 57.1700389
2532 57.1003957
4551 57.0792667
3676 57.1512206
1072 57.1317363
4545 57.1503557
1098 57.1170292
524 57.1742463
2821 57.0901606
518 57.061713
4840 57.0804019
1361 57.116423
1387 57.1271761
3965 57.1710615
813 57.1732437
807 57.0641765
4834 57.123111
233 57.1588651
3110 57.0824881
4254 57.1762387
1650 57.0974748
227 57.0556011
1676 57.1393514
3399 57.0789716
1096 57.0691507
1102 57.1712455
522 57.1596921
1965 57.1523167
1939 57.0775544
1385 57.0773276
811 57.1623422
4543 57.164999
1391 57.1677387
516 57.0549357
3688 57.0808843
1674 57.0892149
4832 57.1408554
2228 57.0608873
2254 57.1642948
805 57.0537192
3977 57.088757
1100 57.1663841
1680 57.162137
2517 57.0523584
2543 57.1731123
1963 57.1048076
1389 57.171014
225 57.0728257
1969 57.1539478
1094 57.052938
2252 57.1232671
4266 57.1020004
514 57.0713733
2806 57.0559308
2832 57.1765429
1383 57.0540255
4555 57.1187214
1678 57.1750813
2258 57.1429762
3121 57.1728431
3095 57.0728848
1967 57.1771931
2541 57.1427141
803 57.0675286
2547 57.1295294
2830 57.1602801
4844 57.1358681
1672 57.0586344
2256 57.1759148
1092 57.0621517
3384 57.1006116
237 57.1336512
3410 57.1613861
1961 57.0682548
3119 57.1725329
2836 57.1145675
2545 57.1700662
3699 57.1432071
1381 57.056705
3673 57.1326465
3408 57.1762969
526 57.1327177
3125 57.0997353
2250 57.0836782
1670 57.0532544
2834 57.1590801
3988 57.1212122
2539 57.1044162
815 57.129903
3962 57.1602409
3697 57.1697116
4277 57.0998404
3414 57.0872133
3123 57.143349
1959 57.0542343
4251 57.1751511
2828 57.1282937
3986 57.1532003
3703 57.0793556
1104 57.1252407
2248 57.0618801
4566 57.0841085
3117 57.1514816
1393 57.1188533
4540 57.1727027
3412 57.124449
4275 57.1299297
4855 57.0782042
4829 57.1538828
3406 57.1691609
3992 57.0781409
3701 57.1051104
2537 57.0773881
1682 57.1110264
248 57.1393924
4281 57.0845403
4564 57.1054135
2826 57.100058
3695 57.176796
222 57.0916595
1971 57.1022826
3990 57.0888352
4570 57.0979799
537 57.140452
511 57.090152
4853 57.0861799
3984 57.1717128
3115 57.1268111
2260 57.0934312
4859 57.1161141
4279 57.0791519
826 57.144066
246 57.0919533
3404 57.152456
2549 57.085564
800 57.0859026
4273 57.1544242
252 57.1614221
4568 57.0786311
1115 57.1499379
1089 57.079122
4562 57.1290965
535 57.0930073
541 57.1606827
3693 57.1708667
1404 57.1573995
4857 57.0879281
2838 57.0799725
824 57.0968361
3982 57.1768631
830 57.1585175
4851 57.1027541
1378 57.070533
3127 57.0779689
250 57.1741596
1693 57.1653611
244 57.0633793
1667 57.0617641
1119 57.1547374
1113 57.1036333
1982 57.1723368
539 57.1743865
4271 57.1682073
1408 57.149072
3416 57.0806155
1402 57.1134381
533 57.0638193
4560 57.1469098
1956 57.0554492
822 57.0658013
3705 57.0883994
2271 57.1765817
828 57.1752336
2245 57.0547973
1697 57.141291
1691 57.1259243
2560 57.1763637
1117 57.1762534
4849 57.1191579
1111 57.0699523
1986 57.1313629
3994 57.1009247
1980 57.1401995
242 57.0555736
2534 57.0626098
1400 57.0770549
4283 57.1167282
2849 57.1703627
531 57.0554769
1406 57.1766671
1689 57.0877911
2823 57.0800109
2275 57.1196209
3138 57.1581359
2269 57.1546821
2564 57.1068894
1695 57.1754592
4572 57.1333283
820 57.0556548
2558 57.167141
1978 57.1024002
3112 57.1053917
4861 57.1475841
3427 57.1405296
2853 57.0945193
1109 57.0567973
1984 57.1715531
2267 57.120301
3401 57.1341331
3716 57.1198689
2847 57.174981
3142 57.084286
2273 57.1640611
254 57.1106417
1398 57.0599505
3136 57.1757997
2556 57.1398008
3690 57.1594729
3431 57.0781221
543 57.1097869
4005 57.0997608
2845 57.1580645
2562 57.1525765
1687 57.0663806
3979 57.1744596
4294 57.0844259
3425 57.1681427
3720 57.0776981
2851 57.1374515
832 57.1072525
1976 57.0772602
3714 57.1522523
3134 57.1715021
1121 57.1031868
4268 57.1744241
4583 57.0776287
4009 57.0839208
3423 57.1766168
3140 57.1199789
2265 57.0931622
4557 57.1590347
1410 57.0978867
4872 57.0814631
4003 57.1305127
4298 57.0964729
3429 57.1023851
4292 57.1073032
3712 57.1711583
2554 57.1134799
1699 57.0918441
4846 57.1329904
4001 57.1552214
265 57.1656317
2843 57.1360153
239 57.0542643
4587 57.1135599
4581 57.0881152
3718 57.0875587
1988 57.0857772
528 57.0540697
554 57.1661177
4870 57.0780549
4876 57.1320191
4290 57.1318207
3132 57.1570235
843 57.1679769
4007 57.0784936
2277 57.0806212
3421 57.171907
817 57.0538199
4579 57.1065498
4296 57.0775178
263 57.1312044
269 57.1383828
1106 57.0538113
1132 57.1708079
2566 57.0774575
552 57.1321688
558 57.1374585
3710 57.1765134
1421 57.1738337
4868 57.0862186
4585 57.0854872
1395 57.0547055
2855 57.077369
3999 57.1686904
4874 57.1012057
261 57.0963378
847 57.1347978
841 57.1356153
1710 57.1759434
1684 57.0576825
4288 57.1495182
1130 57.141411
1136 57.1303698
3144 57.0812257
267 57.1726921
550 57.0973243
1999 57.1758236
3433 57.0894288
556 57.1723216
4577 57.1236154
1973 57.0643357
839 57.100792
1419 57.1491181
845 57.1714142
2262 57.0761843
2288 57.1721862
1425 57.1241625
1708 57.1578899
3722 57.1016651
1128 57.1069252
2577 57.1640821
4866 57.0981696
1714 57.1162881
1134 57.169621
2551 57.0938779
4011 57.1167476
1417 57.1157991
259 57.0725853
1997 57.1664216
1423 57.1663599
2866 57.1512524
2003 57.1071082
2840 57.1163863
2286 57.1730064
3155 57.1344354
1706 57.1271949
2292 57.0973378
4300 57.1326257
548 57.0735178
3129 57.1405914
1712 57.1609473
837 57.0766413
4589 57.1466319
1995 57.1403963
2575 57.175744
2581 57.088084
2001 57.1528002
3418 57.1616459
3444 57.1155164
2864 57.1729218
1126 57.0822143
4878 57.155979
2284 57.1540256
3733 57.0974025
2870 57.0807781
2290 57.1416784
271 57.0907783
3707 57.174205
1415 57.0905396
2573 57.1660158
3153 57.1635337
2579 57.127917
3159 57.0769774
4022 57.0835477
3996 57.174251
560 57.0901776
3442 57.1478187
1704 57.1018347
3448 57.0780451
4311 57.0771527
2862 57.1738305
849 57.088436
2868 57.1125822
1993 57.1160009
4285 57.1608723
3731 57.1276236
3151 57.1749896
3157 57.0974802
1138 57.0857723
3737 57.0847539
4574 57.1372185
4600 57.0801966
4020 57.1063748
2282 57.1323121
4026 57.0969068
4889 57.0925864
3446 57.0849612
1427 57.0825793
3440 57.1678464
2571 57.1491414
4863 57.110048
4309 57.0885111
3735 57.0774991
3729 57.1524076
4315 57.1130967
1716 57.079439
256 57.0536286
282 57.1734899
4598 57.078399
2860 57.1639118
4024 57.0770907
4604 57.1307342
571 57.1732839
4018 57.1308702
2005 57.0771108
3149 57.1734469
545 57.0547411
4887 57.0789751
4313 57.0845975
4307 57.1075468
4893 57.1464249
280 57.1627601
834 57.058323
860 57.1730873
2294 57.0764716
286 57.1118641
3438 57.1747711
4602 57.0992219
4596 57.0880035
2583 57.0783965
1149 57.1725512
569 57.1631677
3727 57.1661999
1123 57.0643402
4891 57.1183338
575 57.1110156
4885 57.0775215
1412 57.072816
1438 57.1710348
858 57.1648865
2872 57.083584
864 57.1086349
4016 57.1483479
284 57.1549544
278 57.1379818
1701 57.0839152
3161 57.0923466
4305 57.1245859
573 57.1541719
1727 57.1677055
1147 57.1676306
567 57.1388426
862 57.1520919
1153 57.1048251
1990 57.0978438
1436 57.1707829
4594 57.1005784
3450 57.1044104
1442 57.0997785
2016 57.161723
856 57.1418071
1151 57.1485323
4883 57.0828401
2279 57.1145046
1725 57.1733948
3739 57.1187808
2305 57.1524887
1440 57.143198
1145 57.1467171
1731 57.0938511
2568 57.1330127
2014 57.1742621
276 57.1121804
2020 57.0876396
2594 57.1399185
4028 57.1337393
1729 57.1358148
1434 57.1531519
565 57.1134502
2303 57.172095
2857 57.1513229
4317 57.1470234
2018 57.1263149
1723 57.1603616
2883 57.1246769
2309 57.0820176
3146 57.1662686
2592 57.1657894
854 57.1174289
2598 57.0780971
3172 57.108292
4606 57.1562083
2307 57.1150281
2012 57.1672256
1143 57.1239251
4895 57.1592516
3435 57.174203
2881 57.154777
2596 57.1028208
2301 57.1722778
2887 57.0770867
3461 57.0930694
3170 57.1393861
1432 57.1325446
3724 57.1721782
288 57.0793084
3176 57.0800505
3750 57.0817503
2885 57.0911233
2590 57.1738495
1721 57.1426615
3459 57.1210987
577 57.0790726
4013 57.1592959
3174 57.0817954
2879 57.1703802
3465 57.0875995
4039 57.0769199
3748 57.1025582
4302 57.1376604
2010 57.1533505
866 57.0784374
4328 57.0802617
3754 57.0995834
3463 57.076814
3168 57.1608902
2299 57.1633
1155 57.0776339
4037 57.087208
4591 57.1123887
3752 57.0778099
3457 57.1455172
4043 57.1148797
4617 57.0918537
4326 57.0785373
4880 57.0904275
2588 57.1707877
4332 57.1313785
1444 57.0770549
4906 57.1097597
2877 57.1738372
273 57.0852954
3746 57.1259245
4041 57.0855423
4621 57.1462405
1733 57.0772428
4615 57.0790637
3166 57.1706374
4035 57.1053414
2022 57.0788434
4904 57.0893377
562 57.0871236
4324 57.0880585
4330 57.0994514
4910 57.1564415
3455 57.1601954
851 57.092703
4613 57.0783734
4619 57.1174574
3744 57.1430318
4902 57.0792227
2311 57.0825132
1140 57.1015207
4908 57.1361522
4033 57.1216093
2600 57.0887784
1429 57.1128188
4322 57.1001788
2889 57.0978625
1718 57.12574
4611 57.0838889
3178 57.1095172
2007 57.1393652
4900 57.0772932
3467 57.1229049
2296 57.1525988
3756 57.1365861
2585 57.163984
4045 57.1486534
2874 57.1716308
4334 57.1570315
3163 57.1734461
4623 57.1599154
3452 57.1677391
4912 57.1562711
3741 57.1540671
4030 57.1339784
4319 57.1112304
4608 57.091174
4897 57.0793115
2 57.6256443
291 57.5711002
580 57.4266509
869 57.2416286
1158 57.0759089
1447 56.9769495
1736 56.9631513
2025 57.0198187
2314 57.1084759
2603 57.1848683
2892 57.2176098
3181 57.1995052
3470 57.1472205
3759 57.0905353
4048 57.0570642
4337 57.059821
4626 57.0929387
19 57.5709009
308 57.5196527
597 57.3842681
886 57.2118827
1175 57.0595055
1464 56.9719123
1753 56.965716
2042 57.0256897
2331 57.1140319
2620 57.1879647
2909 57.2177831
3198 57.1976051
3487 57.1446945
3776 57.0886856
4065 57.0565537
4354 57.0605567
4643 57.0942926
36 57.4260663
325 57.38385
614 57.2732726
903 57.1353643
1192 57.0191758
1481 56.9620643
1770 56.975754
2059 57.0436696
2348 57.1300421
2637 57.1963394
2926 57.2176095
3215 57.1916106
3504 57.137173
3793 57.083381
4082 57.0552824
4371 57.0629254
4660 57.0983812
53 57.2406632
342 57.2110376
631 57.1349236
920 57.0445352
1209 56.9774795
1498 56.960563
1787 56.9987741
2076 57.0740703
2365 57.1541565
2654 57.2070766
2943 57.2149391
3232 57.1806426
3521 57.1248923
3810 57.075459
4099 57.054128
4388 57.06746
4677 57.1052729
70 57.0748053
359 57.0584859
648 57.0185559
937 56.9773094
1226 56.9595882
1515 56.9806749
1804 57.0386495
2093 57.114766
2382 57.1816617
2671 57.215573
2960 57.2068488
3249 57.1638621
3538 57.1086263
3827 57.06642
4116 57.054463
4405 57.07488
4694 57.114934
87 56.976092
376 56.9711302
665 56.9617045
954 56.960689
1243 56.9809981
1532 57.0275616
1821 57.0929847
2110 57.1593268
2399 57.2054243
2688 57.2163883
2977 57.1906873
3266 57.141274
3555 57.0900832
3844 57.0584534
4133 57.0579552
4422 57.0858332
4711 57.1270336
104 56.9628728
393 56.9655373
682 56.9760533
971 56.9996285
1260 57.039761
1549 57.0938062
1838 57.1514257
2127 57.1973038
2416 57.2172525
2705 57.2048814
2994 57.1654264
3283 57.1145225
3572 57.0721325
3861 57.054256
4150 57.0662033
4439 57.1005484
4728 57.1407376
121 57.0202097
410 57.0262296
699 57.0447686
988 57.0758188
1277 57.1168573
1566 57.1611868
1855 57.1983682
2144 57.2172666
2433 57.2106747
2722 57.1793052
3011 57.1328858
3300 57.0872978
3589 57.0586146
3878 57.0565376
4167 57.0802112
4456 57.1184649
4745 57.1545657
138 57.1092987
427 57.1150608
716 57.1317193
1005 57.1565863
1294 57.1845285
1583 57.2081279
1872 57.2191964
2161 57.2115646
2450 57.1841143
2739 57.1424869
3028 57.0981962
3317 57.0649753
3606 57.0535794
3895 57.067222
4184 57.0997973
4473 57.1379567
4762 57.1664103
155 57.1856318
444 57.1889819
733 57.1980845
1022 57.2096679
1311 57.2186872
1600 57.2193998
1889 57.2071623
2178 57.1805365
2467 57.1428225
2756 57.1020535
3045 57.0689611
3334 57.0533248
3623 57.0600251
3912 57.086527
4201 57.1231405
4490 57.1563086
4779 57.1737984
172 57.2177791
461 57.2182332
750 57.2188465
1039 57.2170959
1328 57.2095949
1617 57.193373
1906 57.1673937
2195 57.1337913
2484 57.0981835
2773 57.0685961
3062 57.0530502
3351 57.0565253
3640 57.0784983
3929 57.1122718
4218 57.146719
4507 57.1700786
4796 57.1744252
189 57.1987462
478 57.1971333
767 57.1919638
1056 57.1819686
1345 57.1658238
1634 57.1431987
1923 57.1157227
2212 57.0874057
2501 57.0641243
2790 57.052086
3079 57.0556325
3368 57.0751656
3657 57.1061393
3946 57.1398176
4235 57.1658476
4524 57.175884
4813 57.1668822
206 57.1455561
495 57.1433118
784 57.1366412
1073 57.125374
1362 57.1097785
1651 57.0912105
1940 57.072518
2229 57.0578663
2518 57.0518195
2807 57.0578296
3096 57.0766173
3385 57.1051383
3674 57.1367639
3963 57.162922
4252 57.1758428
4541 57.1714766
4830 57.1513821
223 57.0883318
512 57.0867591
801 57.0823314
1090 57.0754634
1379 57.0671298
1668 57.0591505
1957 57.054194
2246 57.0552997
2535 57.0649191
2824 57.0837395
3113 57.1097653
3402 57.1381762
3691 57.1622791
3980 57.1754611
4269 57.1735666
4558 57.15679
4847 57.1301977
240 57.0548522
529 57.0546243
818 57.0542656
1107 57.0542151
1396 57.0552996
1685 57.0588007
1974 57.0662817
2263 57.0790807
2552 57.097557
2841 57.1203747
3130 57.1442085
3419 57.1641938
3708 57.1751913
3997 57.1735641
4286 57.1588419
4575 57.1345307
4864 57.1075367
257 57.0580387
546 57.059075
835 57.062404
1124 57.0681045
1413 57.0763301
1702 57.0873259
1991 57.1012783
2280 57.1179649
2569 57.1363142
2858 57.1541111
3147 57.1681212
3436 57.1747851
3725 57.1713932
4014 57.1573712
4303 57.135124
4592 57.1099344
4881 57.0887098
274 57.0917226
563 57.093402
852 57.0985057
1141 57.1066324
1430 57.1171624
1719 57.129346
2008 57.1422994
2297 57.1548853
2586 57.1655628
2875 57.1723743
3164 57.1732333
3453 57.1665571
3742 57.1520924
4031 57.1315952
4320 57.1089633
4609 57.0895509
4898 57.0787009
