9 57.1399371
3 58.0871339
11 57.2993464
0 60.156441
15 56.8144739
13 57.0473036
7 56.5869675
289 59.7644971
304 56.7237592
296 56.4298363
5 56.6272499
578 59.1888819
593 56.6239931
298 57.1025919
300 57.4091994
292 57.8342668
294 56.7072889
302 56.9014234
585 56.4621802
589 57.2971857
581 57.5674709
587 57.1326879
591 56.961159
876 57.4112287
878 57.342199
870 57.0439324
867 58.33085
882 56.8132741
583 56.7626499
1165 57.5189649
1156 57.2935327
1171 56.8236111
880 57.0055119
1454 57.5392772
874 56.9666583
872 56.5692784
1159 56.8575499
1167 57.381959
1445 56.934259
1460 56.970458
1163 57.0811683
1448 56.3732348
1161 56.4703034
1456 57.4444663
1169 57.087263
1743 57.3677968
1458 56.9916103
1734 56.4948226
1749 56.9438239
1737 56.5448998
2032 57.4147883
1450 56.6140817
1452 57.2707578
2023 56.7447749
2038 56.775691
1745 57.1623503
1739 56.7084366
2327 57.0747701
1747 56.9584792
2034 56.97431
1741 57.4323803
2616 57.1099737
2026 56.8492665
2321 57.281879
2036 56.7644476
2312 57.1879935
2315 57.2859945
2610 57.0239087
2323 57.0139959
2601 57.257246
2325 56.8075165
2030 57.3736126
2028 56.9534597
2604 57.5498367
2890 57.5672124
2614 56.8697858
2905 57.1777261
2899 56.996837
2319 57.4927582
2893 57.5442564
3179 57.5434866
2317 57.2741997
2608 57.3054764
2612 56.8503119
3194 57.2459037
2903 56.9602536
3188 56.9763715
2901 56.7631839
2606 57.3801113
3468 57.3683552
3182 57.4601647
3483 57.1670856
3192 57.0159368
2897 57.1316826
3477 56.9165721
3190 56.8075928
3772 57.1300109
3471 57.4190458
3186 57.0346021
2895 57.3899463
3757 57.2437181
4061 57.273611
3481 57.1242177
3760 57.0936594
3766 57.0855173
3479 56.8928317
3184 57.3202987
4046 56.8517188
4055 57.2248192
3475 56.9877318
3770 57.3240205
3768 57.0128446
4335 56.7589144
4344 57.2801223
4049 56.9906809
3764 56.8952037
4350 57.0304898
3473 57.0346965
4633 57.3809327
4338 57.0553536
4059 57.4154866
4053 56.9365225
3762 57.0245184
4624 57.0400754
4627 57.3122273
4639 57.0206685
4057 57.3790803
17 59.9109541
20 58.0335039
4348 57.3251886
32 56.6889828
4342 57.0793847
4051 57.1309142
26 57.1493905
4346 57.5055214
321 56.5793445
4637 57.3254244
4631 57.2383797
309 57.868316
4340 57.0852608
306 59.6195385
315 57.3711364
4635 57.3662237
598 57.5644855
610 56.7053386
595 58.8883282
30 57.0284486
24 56.5768224
4629 57.2353463
887 57.2047506
319 56.9246313
28 57.2547362
604 57.3456919
899 56.9141759
313 56.5682598
884 57.9000401
22 56.63782
317 57.4823023
1176 56.6951859
893 57.213327
1173 57.405065
608 56.9108253
1188 57.092438
602 56.7382069
1465 56.3384012
897 56.8891142
311 56.6799061
1462 56.8269347
606 57.3656546
891 56.8751667
1477 56.9673572
1182 57.4697418
895 57.4327314
600 56.7659273
1180 57.2761254
1754 56.4743426
1751 56.6984853
1471 57.4533568
1766 56.9743983
889 56.7656238
1760 57.5456014
2055 56.9726932
1186 56.9542186
1184 57.3096824
2040 56.7202006
1469 57.4387903
2344 57.0618189
2043 56.8078711
2049 57.2225166
1473 57.3829688
1758 57.5489291
1178 56.7000107
2332 57.2656804
1475 56.9290446
2329 56.9571159
2621 57.3739823
1467 56.6298608
2633 57.1165605
1764 57.0288846
2618 57.2055833
2910 57.6033306
1762 57.2031266
2338 57.0963165
2047 57.4541054
2922 57.1504756
2336 57.5165586
2051 57.040101
1756 56.8421136
2053 56.6514264
2627 57.0097707
3211 57.2647897
2907 57.6517856
3199 57.4625916
2342 56.8014624
2625 57.5249888
2045 57.1023934
3196 57.7114393
2340 57.0974397
3488 57.5541012
3500 57.5200489
2916 57.1325129
2914 57.3041325
2629 56.8023218
3789 57.3220583
2631 57.0214162
3205 56.9116233
2334 57.4567442
3485 57.394245
4078 57.2333983
3777 57.056961
2623 57.5894989
3774 57.2468352
3203 57.0266954
2918 56.6687389
2920 56.8638575
4066 57.1298702
3494 56.8053843
4367 57.0194729
3492 56.9088908
3209 57.1561241
3207 56.7910423
3783 56.9906925
2912 57.6077591
3781 56.8134468
4063 56.9497917
4656 57.0690206
4355 57.0236742
3496 56.9876
3201 57.408686
4352 56.9553786
4072 57.115697
3498 57.2405636
4644 57.2576927
49 56.6799865
4070 56.8731841
3787 57.2445997
3490 57.0616924
3785 57.111121
37 57.5754554
4641 57.0641619
338 56.767897
4076 57.4172037
326 57.6760185
4074 57.3079034
4365 57.4639946
4359 57.2270044
4361 57.3365703
3779 57.0403695
34 58.9684713
4650 57.365788
4068 57.0159925
4648 57.3573406
627 56.6549567
615 57.3954777
4363 57.4998161
43 57.3354488
4654 57.2415887
4652 57.4038284
916 56.8587878
904 57.1391326
323 58.8002973
47 56.6753933
4357 57.1306369
41 56.4792668
612 58.3743101
332 57.6030423
4646 57.254067
330 56.7402615
336 56.7665937
1205 57.031858
45 57.1810712
1193 56.6885079
621 57.4131952
619 57.011844
1494 57.0953491
334 57.1877788
901 57.6480239
625 56.8239875
908 57.1452138
623 57.2295496
1482 56.5487808
910 57.3457385
39 56.5630348
1190 57.2059724
912 57.1256576
1783 56.9963684
1771 56.5515103
1199 57.2931349
914 56.9648069
1197 57.2121991
328 56.7481388
2072 57.2555389
1486 57.2982875
1203 57.0216431
1479 56.7347047
1201 57.2173481
2060 57.0696531
1488 57.2929837
1768 56.4712391
1490 57.0767736
617 56.8516065
2361 57.0964216
2349 57.3432548
1775 57.3914523
1777 57.273458
1779 57.1337789
1492 57.0052504
2650 57.1557329
2068 57.0356621
2064 57.5798065
1781 56.923429
2057 56.593074
906 56.6762368
2638 57.452907
2066 57.1957213
2346 56.8644771
1195 56.7291453
2939 57.0848618
2927 57.5602014
2357 56.9271604
2353 57.5119634
2355 57.1544421
2070 56.8170443
3228 57.36971
2646 56.8725162
2642 57.0469339
2635 57.3352869
1484 56.7880197
2359 56.733553
3216 57.5407721
2644 57.070002
2924 57.3394688
1773 56.8297909
3505 57.3110637
3517 57.3145482
2935 56.7780388
2931 57.2456951
2933 56.798568
2648 56.789989
3806 57.2012072
3224 56.8132738
2937 56.9897339
3220 57.1914707
3213 57.5117477
2062 57.2039099
3794 57.1865174
3226 57.1599588
3222 56.8508004
3502 57.2203731
2351 57.3714516
4083 57.0675726
4095 57.2518614
3513 56.9146285
3511 56.6598964
3509 56.9957559
4372 57.2494487
3515 57.100164
4384 57.1079866
3802 57.2567126
4661 57.2566567
2640 57.3809666
3791 57.0668309
3800 56.9458531
3804 57.3128199
3798 56.8832403
2929 57.5507731
4080 57.0750523
4673 56.9390949
54 57.1255323
4091 57.4668456
4089 57.1095526
4087 56.9944601
4093 57.2957684
66 56.6386535
4380 57.3131349
343 56.9696594
3218 57.2996153
4369 57.0495964
4378 57.2279806
4382 57.3423561
4376 57.3154347
3507 57.0520991
4658 57.1843667
355 56.667217
4669 57.1947458
4665 57.0753218
4667 57.2968299
632 57.1080798
4671 57.3887006
644 56.7159369
62 57.078341
3796 56.8304707
921 56.7801452
51 58.184117
64 56.8707568
58 56.7857755
60 57.2819357
4085 56.8616541
340 58.171867
933 56.6513941
347 56.7872268
351 57.0961721
349 57.6221866
1210 56.4794178
353 56.8005697
1222 56.8374756
640 57.1418529
4374 57.1305957
629 57.9128017
1499 56.682643
642 56.6956955
636 57.0807278
638 57.4829038
4663 57.2335015
918 57.2453961
1511 57.1670653
925 57.1993236
929 57.0328936
1788 56.6555955
927 57.4148618
931 56.7803087
1218 57.0100323
1800 57.1662479
1207 56.7589005
56 56.6483972
2077 57.0332476
1220 57.0936204
1214 57.2905528
345 56.7380549
1216 57.3503335
1496 56.5852604
1507 57.0006698
2366 57.251481
1503 57.3093122
2089 57.0370636
1505 57.4221498
1509 57.0420432
1796 56.8896881
2378 57.1055519
634 56.6429392
2655 57.6237726
1785 56.6168673
1792 57.5349154
1798 56.8333819
1794 57.3955073
923 56.7403991
2074 56.7467894
2085 56.767479
2667 57.102585
2081 57.4346328
2083 57.2792001
2944 57.6508171
2087 56.7042761
2374 56.6496225
2372 57.0513701
2956 57.1955888
1212 56.7984159
2363 57.2055096
3233 57.5194464
2370 57.5034006
2376 56.7107593
1501 56.9681372
2663 56.5331528
2652 57.3299999
2661 56.8789048
3245 57.3210892
2659 57.2057214
3522 57.268955
1790 57.0044768
2952 56.7634078
2665 56.8175061
2950 56.7682765
3534 57.3248629
2941 57.4221802
3811 56.9903288
2954 57.058908
2079 57.4762984
2948 57.182731
3241 56.8337856
3230 57.646117
2368 57.4919387
3823 57.2826258
3237 57.064777
3239 56.7236785
4100 56.9900712
3243 57.1302021
3530 57.1156564
4112 57.3317557
3528 56.818512
3519 57.2998571
4389 57.16198
2657 57.3822163
3532 57.152095
3819 57.1757258
3526 56.9431664
3808 57.1171456
2946 57.4119189
4401 57.1465183
3817 56.888958
3815 56.9171024
4678 57.1773517
4097 56.9397936
3821 57.2796908
4108 57.2861928
4106 56.9510151
4690 57.0210065
4397 57.5680745
71 56.5498346
3235 57.1885837
4104 56.9171289
4110 57.3529252
4386 56.9875482
3524 57.0315231
4395 57.342696
4393 57.2741049
83 56.7021287
4686 57.2331357
360 56.4807704
4399 57.1318402
4684 57.1614847
4675 57.27563
372 56.7325657
79 57.2654128
3813 56.9817489
649 56.5900235
4682 57.3167866
4688 57.239859
68 57.3507392
4102 57.0484521
77 57.4829599
75 56.927305
661 56.8520306
368 57.3631687
938 56.552416
366 57.4134573
81 56.8216285
950 56.8883699
357 57.3473662
657 57.2334027
4391 57.1938749
364 57.0533493
1227 56.3570356
370 56.872483
4680 57.1084183
655 57.569799
646 57.143175
653 57.1020696
946 57.1096908
1239 56.8090568
659 56.8489539
1516 56.4647737
944 57.6196484
73 56.6146694
1528 56.9925253
1235 56.9855544
935 56.9031876
1805 56.8413803
942 57.3296863
948 56.7664467
1233 57.3619395
1224 56.5895629
362 56.7473258
1237 57.1028912
1231 57.3879515
1817 57.0419271
1524 56.8702945
2094 57.0538376
1522 57.4228179
2106 57.0281716
1811 57.3307863
1813 56.6771713
1513 56.7859835
651 56.743759
2383 57.2637093
1526 56.9314779
1520 57.5760412
1802 56.8024785
940 56.9286841
1815 56.8151642
1809 57.7554758
2395 57.1179121
2102 56.5874975
2100 57.19605
2672 57.6359329
2684 57.0584
2391 56.5886126
2389 57.0457268
1229 57.0137826
2104 56.5655688
2091 57.0673074
2961 57.4685148
2098 57.6259945
2393 56.6697614
1518 57.145681
2380 57.0645693
2973 57.2528039
2678 56.8635605
2680 56.6536719
2387 57.1533131
3250 57.4066036
2967 56.6585211
2682 56.80377
3262 57.2798081
2969 56.8022838
1807 57.3924262
2669 57.330838
3539 57.2209072
2676 57.2016857
2971 57.0236869
2958 57.4584152
2096 57.4512281
3256 56.8920913
3551 57.1678348
3258 56.9938876
2965 57.0427859
3828 56.9798144
3547 57.073547
3840 57.1470907
3545 56.9132591
3247 57.4522507
3260 57.1237746
2385 57.3668459
4117 57.1108845
3254 57.0123943
3549 57.2187312
3836 57.2447526
3536 57.1935519
4129 57.1082889
2674 57.294681
3834 56.9156607
3543 56.9883349
4406 57.1975142
4125 57.3504219
3838 57.0298387
4123 57.3207042
4418 56.9819045
3825 57.0841292
2963 57.2509813
4695 57.3001094
4707 56.837142
3832 56.8997148
4127 57.3752733
4114 56.9748616
3252 57.2225092
4414 57.2994732
4412 57.3388207
4121 57.0857758
3541 57.0116773
88 56.4152325
100 56.7436113
4701 57.2546402
4703 57.2759527
4403 57.0669106
4416 57.3541034
377 56.6389268
389 56.8665247
4410 57.3118493
4705 57.290455
3830 56.9279767
94 57.4007776
4692 57.1266776
96 57.3698724
4699 57.3122447
4119 57.0684479
666 56.4558679
678 56.9130864
383 57.5178683
98 56.8894778
385 57.2492086
955 56.7189786
85 56.8411679
967 56.9666738
92 57.1152063
4408 57.33615
672 57.6561798
387 56.812285
374 57.0023121
674 57.0023256
381 57.1320376
4697 57.2131696
1244 56.7233723
1256 56.9827988
961 57.4758934
963 56.95845
676 56.8280646
1533 56.9065327
663 56.9281417
1545 56.9845279
670 57.376116
90 56.6475334
965 56.8754391
952 56.7258739
1250 57.634356
1252 56.9432323
959 57.6026219
379 56.8317458
1822 57.0970808
1834 56.9848892
1539 57.5682008
1541 56.9687459
2111 57.3156261
1254 56.8226048
2123 57.1457224
1241 56.6471176
1248 57.6826927
668 56.8866806
1828 57.3634907
1543 56.9425183
1530 56.7904525
1830 56.9683577
1537 57.680267
957 57.2636312
2412 57.0046853
2400 57.4549397
2119 56.7401143
2117 57.0760356
1832 56.8062651
2701 57.0898273
2689 57.3749049
1819 57.1921185
1246 57.3386062
1826 57.5260801
2408 56.6761107
2121 56.6436344
2108 57.2925433
2406 56.9031838
1535 57.5649954
2115 57.5649536
2990 57.1936645
2978 57.2999724
2697 56.6237045
2695 56.7488145
3279 57.2000663
2410 56.6163885
3267 57.2667915
2397 57.4937862
1824 57.4203587
2404 57.2908968
2699 56.701521
2986 56.6952849
2686 57.4082569
2984 56.8502207
2113 57.4703502
2693 56.955365
3568 57.1246039
3556 57.0055166
3275 56.9937546
3273 56.7876312
3857 56.9855695
2975 57.3048424
2988 56.8853113
3845 56.7292955
2982 56.8904068
2402 57.5426923
3264 57.3055985
3564 57.1788819
3277 57.054689
4146 56.9454446
3562 57.1768149
2691 57.2677389
3271 57.0324168
4134 57.0777559
3553 57.1954212
3853 57.2922827
3851 57.1058427
4435 56.9171862
3566 57.2435041
4423 57.0828485
2980 57.2427878
4142 57.2564746
3560 56.9521649
3842 57.0678893
3855 57.1282744
4140 57.3874346
3849 57.0019045
3269 56.784155
4724 56.8605382
4712 57.3527399
4131 56.9815883
4431 57.1925542
4429 57.5375572
4138 57.065311
4144 57.0570219
4720 57.1868907
117 56.9144587
105 56.6137667
4420 57.1298736
3558 56.8734742
4433 57.1107945
4709 57.2196639
4427 57.190567
4718 57.4168467
3847 57.1144227
113 57.2063348
394 56.5484012
406 56.8420606
111 57.5153602
4722 57.0811089
402 57.0885153
695 56.9602115
683 56.8561482
102 56.5787012
4716 57.5973889
4136 57.1178631
115 56.7329543
391 56.6172923
400 57.5093329
4425 57.2966223
109 57.3069706
691 57.1860497
984 57.0524181
972 56.9677352
689 57.5972228
980 57.1024483
1273 56.963199
404 56.6797094
680 56.7330272
1261 56.9245959
4714 57.3523239
398 57.586048
693 56.8373342
969 56.9341508
107 56.8123384
978 57.7181853
1562 57.1124139
1269 57.0109301
687 57.6982267
1550 57.1584321
1267 57.7878099
1558 57.1248461
982 56.8191354
1851 57.0195519
1258 56.8995768
396 57.1148816
1839 57.1498289
1271 56.8644405
976 57.7078995
1547 57.001611
1556 57.6173405
685 57.2011708
1847 56.9883905
1265 57.869213
2140 57.0204522
2128 57.5100333
1845 57.3722226
1560 56.8345026
2136 56.7973774
2429 56.9712624
1836 57.3145421
2417 57.7845863
974 57.3859796
2134 57.1341193
1554 57.812006
1849 56.9965553
2425 56.5859734
2125 57.5563815
1263 57.2735124
1843 57.6795184
2718 57.083655
2706 57.69668
2423 57.0180795
2414 57.5912276
2138 56.772104
2714 56.7726841
3007 57.2138412
2995 57.2474495
1552 57.5635132
2132 57.4756707
2427 56.8981242
2703 57.4895862
3003 56.7948404
2712 56.8187575
1841 57.5840197
2421 57.3377872
3296 57.0204757
2992 57.3776246
3284 56.9577967
3001 56.7783776
3292 57.0902009
2716 56.8542656
3585 57.1066723
3573 56.8290442
2130 57.5709974
3581 57.1748822
2710 57.1797865
3281 57.1319385
3005 56.9434351
3290 56.900559
2419 57.4844837
3874 56.879155
3570 57.0377671
2999 57.1679506
3870 57.3270553
3862 56.8755462
3579 57.29666
4163 57.0439881
3294 57.1555886
2708 57.3335963
4159 57.1601304
3288 56.9890105
4151 57.0077579
3859 57.0346671
3583 57.2135763
4148 56.9415455
2997 57.2215666
3868 57.2319743
3577 56.8357252
4452 56.7795933
4440 57.2658508
4448 57.142372
4437 57.0696629
4157 57.4238027
3872 57.0760782
4737 57.1985762
4741 56.8163182
3866 56.977194
3286 56.8266792
4729 57.3280594
4161 57.0287977
4726 56.9736168
4446 57.497202
3575 56.589173
4155 57.2919321
130 56.9689295
134 57.0663561
122 56.8787417
4735 57.238153
119 56.556738
419 57.1090745
4450 57.1020348
423 57.0266948
4444 57.3875274
411 57.0461594
3864 56.7710689
4739 56.9929532
408 56.7492493
4153 57.1610422
128 57.5648047
708 57.1139527
4733 57.3879925
700 57.080384
712 57.0998925
697 56.8768317
417 57.5732041
997 56.9628317
132 56.8667582
1001 57.0108926
4442 57.2653172
989 57.2126604
126 57.5177093
986 57.047932
421 56.8582032
706 57.5393314
4731 57.4937538
415 57.7218687
1286 56.9525389
1290 56.8156677
1278 57.4066975
1275 57.1381422
995 57.4467126
1575 56.9205778
710 56.9341502
1579 57.0492327
1567 57.3087963
124 57.1025652
1864 56.9899726
704 57.8077224
1564 57.4019899
999 56.7802087
413 57.1989675
1284 57.6274538
1853 57.4573324
993 57.7649602
1868 57.066083
1856 57.3207544
1573 57.28188
2153 56.8261882
1288 56.7578014
2157 56.9909153
702 57.5459961
2145 57.5409305
2142 57.6021177
2442 56.6823542
1282 57.9659492
1577 56.8440974
991 57.4561333
1862 57.2836526
2431 57.5158647
1571 57.8131853
2446 57.2142031
2434 57.4138922
2151 57.2079639
1280 57.7162674
2731 56.806143
2735 57.0994395
1866 57.0979357
2720 57.3958772
2723 57.3502456
1860 57.464012
2155 57.0278636
1569 57.778866
3020 56.8901009
3024 57.1494186
2440 56.9406342
3009 57.3022314
2149 57.3282877
1858 57.6399626
3012 57.0112133
2444 56.9302935
2729 56.9490149
3313 57.0548303
3309 57.2284948
3301 56.8356805
3298 57.189641
2438 57.316668
3602 57.1141806
2733 56.9255405
2147 57.6904609
3018 57.0345148
3587 56.8864968
2436 57.4389346
3598 57.2189433
2727 56.9326918
3307 57.0837004
3590 56.8927299
3891 57.0480014
3887 57.3815079
3022 57.0148771
3879 57.1273135
3876 57.02826
4180 56.9153642
2725 57.1689417
3596 57.2534912
3311 57.0639721
3014 57.15147
3016 57.118087
4168 57.2085198
4165 57.0901897
3600 57.157534
4176 57.3601041
3305 57.0052125
4469 56.9101202
3885 57.4373184
4465 57.1485462
3303 56.9083727
4457 57.1846479
4758 56.7223781
3889 57.130831
4454 57.1863308
3594 57.108275
4174 57.4540928
4746 57.1037721
4178 56.9711646
3592 56.8149967
4743 57.166911
4754 57.0984009
151 57.246115
3883 56.9794284
4463 57.4961864
147 57.0250263
139 57.2044464
440 56.9852653
3881 57.05888
4467 57.0257168
136 56.8625432
4752 57.4414594
4172 57.177405
428 57.2314072
4756 56.9644782
4170 57.1776234
425 57.0676876
436 56.9280682
729 57.10274
4461 57.2471265
149 56.8356133
145 57.4439001
1018 56.9580016
725 56.9972253
438 56.8298378
4750 57.5087962
717 57.2647854
4459 57.5098192
714 57.2982639
727 56.7695496
1014 56.8510884
434 57.2197991
4748 57.4424876
1303 56.7549657
1307 57.0750897
1006 57.4884777
1016 56.7794565
143 57.5903184
141 57.4102875
723 57.3387118
1003 57.3137504
1295 57.4745571
432 57.5915897
430 57.5301302
1305 56.6017633
1292 57.4183571
721 57.6994162
1592 56.7548542
1012 57.3189343
1596 56.9890388
1594 56.8005414
1581 57.6505764
1010 57.7591582
1584 57.6539067
719 57.4636862
1881 57.0144058
1885 57.0422684
1301 57.2162385
1008 57.7336117
1873 57.5104218
2170 56.9301179
1883 56.9796954
1870 57.671613
1299 57.6008591
1297 57.4938667
2172 57.1326255
1590 57.2918552
2159 57.75507
2174 57.2322169
1586 57.7687964
2162 57.5044813
2459 56.8734126
1588 57.6175282
1879 57.1902039
2463 57.1017406
2461 57.134804
2451 57.3263773
2748 56.9228718
2448 57.5486152
1877 57.2653479
1875 57.5851979
2750 56.922394
2168 57.0635782
2164 57.5127283
2737 57.3904672
3039 56.7515607
2740 57.2419072
2752 57.2357117
3037 57.0925027
2166 57.2432642
3029 56.829667
3041 57.0847634
2457 57.0274664
3326 57.2942744
2455 57.0048898
2453 57.2540283
3328 57.1335883
3026 57.2580979
2742 57.1134322
2746 56.8816415
3315 57.2568868
3318 56.8997347
3617 57.208695
3330 57.0215424
3615 57.3912909
2744 56.9202328
3607 56.9326011
3619 56.9636581
3904 57.324563
3031 57.0887048
3033 56.9958897
3906 57.1504211
3604 56.7652669
3896 57.0831955
3035 56.9880878
4195 57.1136181
3893 56.9821244
3320 56.8599847
3324 57.1859881
3908 56.9168401
4484 57.0527122
4193 57.2078062
3609 56.8236173
4182 57.1706358
3322 57.1806417
4185 57.13562
4773 56.8871022
4197 56.8795832
3898 57.000004
4482 57.2215095
3613 57.307088
4474 57.2036444
4471 57.2750634
3611 56.9518592
4486 56.6773792
3902 57.4071857
166 56.8452263
4187 57.1399782
4771 57.1246018
4760 57.5237943
3900 56.9996808
455 56.8765179
4775 56.7176998
4476 57.2287071
4763 57.3122941
164 56.8536762
4191 57.2802944
153 57.3929717
156 57.321486
4189 57.1543523
168 57.0725738
4480 57.3389851
744 56.7262169
4765 57.3921344
442 57.3707497
453 56.7207701
4478 57.2796682
1033 56.7506302
445 57.5415082
457 57.0687469
158 57.3730954
742 57.0246376
4769 57.2366409
4767 57.4293968
731 57.6141965
734 57.5198316
162 57.2794114
1322 56.6062049
746 56.8728526
447 57.4994671
1031 56.6463745
160 57.3934814
1020 57.670607
1611 56.6654152
736 57.5913749
1320 56.7566643
1023 57.3563645
1035 57.0642055
1609 56.7361736
451 57.1026038
1025 57.5811265
449 57.4720207
1309 57.7854445
1900 56.9328436
1312 57.5659036
740 57.1212623
1598 57.6994805
1324 56.9007829
738 57.5081037
1898 56.8652534
1314 57.4805306
2189 57.0205406
1613 56.9779797
2187 57.0061383
1603 57.6331197
1601 57.768042
1029 57.1895712
1887 57.7598599
1027 57.5790756
1890 57.5774203
2478 57.0584529
1318 57.0141308
1316 57.436833
2176 57.6066087
2476 56.9738881
1902 56.9598378
1892 57.4754593
2767 56.9555207
2181 57.3528379
2765 56.7910111
2191 56.9235946
2179 57.2912495
1607 57.1156956
1605 57.3752361
2465 57.299054
2468 57.1207105
2470 57.0219383
1896 57.0952206
2754 57.1721878
1894 57.1898433
3056 56.9148907
3054 56.9037069
2480 57.044553
2759 57.0757936
3345 57.0051918
3343 57.0001054
2769 57.1686754
2757 57.0521703
2185 56.8413527
2183 57.1236871
3048 57.0621051
3043 57.2402594
3046 56.892006
3337 56.9735775
2472 57.0014156
2474 56.8587283
3632 57.1900099
3634 57.2993862
3058 57.1345552
3332 57.1588495
3923 57.2219222
3335 56.8342664
3347 57.020505
3921 57.0811849
2761 56.9120152
3626 56.8543129
3621 56.9454161
2763 56.8924088
4210 57.1595304
3050 56.7774302
4212 57.0470439
3910 56.9542973
4499 57.2501003
3052 57.1061852
3636 56.8313844
3624 56.9272237
3915 56.9603596
3339 57.0714543
4501 56.8642363
3925 56.8534749
3913 57.1128352
4204 57.0345754
4199 57.1190567
3341 57.1702133
4788 57.0427482
3628 57.1348773
4488 57.1430725
181 56.7782372
4790 56.8401464
3630 57.2180891
4214 56.857356
4202 57.3445939
470 56.7614106
3917 57.1155536
4491 57.4713326
4503 56.7893263
4493 57.3008288
183 56.9822563
759 56.9173853
4777 57.4869669
3919 57.2231935
4206 57.4087306
4782 57.2311777
170 57.595773
4208 57.1209718
472 56.9683321
4780 57.3716615
4792 56.830681
175 57.2577901
4495 57.2058158
185 57.2189193
173 57.5003004
1048 56.8602071
761 56.9191991
464 57.5288101
459 57.6506443
4497 57.3040635
4784 57.357224
748 57.7440215
1337 56.7901343
462 57.5135703
4786 57.1133809
474 57.0536258
1050 56.8330762
753 57.5490734
177 57.1022847
751 57.5437068
763 57.1963184
1339 56.7724528
1037 57.6808316
1042 57.5744506
1626 56.8657684
179 57.0330486
466 57.270586
1040 57.3360396
1326 57.6791479
1915 56.9511917
468 56.9302367
1628 56.8594271
755 57.4128143
1331 57.4720838
1615 57.7567112
1052 57.2502459
1329 57.535528
1917 56.7831531
1620 57.5661987
2204 56.8782424
1904 57.7444909
757 56.897915
1618 57.3189859
1341 56.9892374
1044 57.3017816
2493 57.1068761
1046 56.9464519
1630 57.0165931
1333 57.1276278
2206 57.0068875
2782 56.9652307
2193 57.336869
1909 57.18899
1907 57.3422933
2198 57.2430625
2495 57.0708863
1919 57.0117655
1335 56.8188834
2196 57.235715
1622 57.0777442
2482 57.1827436
3071 56.9226221
2208 56.9893789
1911 57.282559
1624 56.9615462
2487 57.1290145
3360 57.0306407
2784 56.996257
2771 57.1349684
2485 57.0858597
2776 57.0759916
3073 57.0931529
2497 57.1323898
1913 56.8972363
2200 57.1090757
2774 57.1753327
3060 57.1240294
3065 56.9453524
3649 57.0739225
3063 57.0410142
2786 57.0783779
2489 57.2197258
2202 56.9465313
3075 57.1107465
3362 57.0191562
3352 56.9635063
3938 57.1568667
2778 57.0141648
3354 57.03243
3364 56.9730178
3349 57.1218174
3651 57.1623236
2491 57.150863
4227 57.2055219
3643 57.0664605
3641 56.8924469
3067 57.1584859
3638 57.0293588
2780 57.0225134
3653 56.9079126
3930 57.0837816
3356 57.1597403
3940 57.1592597
3932 57.1192096
4516 57.0285449
3942 56.9243417
3927 57.16397
4221 57.471739
4229 56.8475803
3069 57.0817276
4219 57.4492971
3645 57.1920577
4805 57.0083541
4216 57.3451864
4508 57.424002
3358 57.1599385
4231 56.7133116
3934 57.3044576
4510 57.3077493
4518 56.757268
198 56.7582846
4520 56.7482387
4799 57.2888049
4505 57.2961402
4807 56.6929763
3647 57.2934443
4797 57.4869245
4223 57.4228134
487 56.8505209
4794 57.3473824
192 57.1093799
190 57.5399992
4512 57.2111922
4809 56.9135674
3936 57.2621801
200 57.2387785
776 57.067971
202 57.2361659
481 57.220188
187 57.714069
489 57.2061013
479 57.4382271
4801 57.2074476
4225 57.1360093
476 57.8231199
1065 56.9442368
491 57.2087186
194 56.9928837
768 57.4258916
4514 57.2124215
770 57.1978163
778 56.9641302
765 57.7261139
780 57.2709212
1354 56.7312616
1059 57.1941054
1067 57.0056682
483 57.1594968
1057 57.1985143
4803 57.1417925
1054 57.5041775
1069 57.2226785
1643 56.9399059
772 57.132137
1346 57.1456743
196 56.8268154
1348 57.4026647
1356 56.8096617
1343 57.4572015
1358 57.1164203
1932 57.1588796
1637 57.428385
1645 57.002959
1635 57.2412804
485 56.9123567
1061 57.1544014
1632 57.379071
1647 57.0083953
1924 57.2004956
774 56.8036185
1350 56.8874871
1921 57.3304721
2221 57.1539288
1926 57.3361134
1934 57.1385847
1936 57.1251847
2510 57.2713246
2215 57.062499
2223 57.0379874
2225 57.1716475
1063 56.8066008
2213 57.1555494
2210 57.29648
1639 57.0030093
2499 57.2573675
1352 56.8098801
2502 57.0876422
1928 57.07093
2799 57.3540367
2504 57.1425756
2512 57.1396545
2514 57.399572
2793 57.101532
3088 57.1359824
2801 57.1811692
2788 57.1340932
1641 56.7653907
2803 57.0504536
2791 57.2111346
2217 57.141334
3077 57.1468704
2506 57.135873
3080 57.1150565
1930 56.8615211
3377 57.2214436
3082 57.0163333
3092 56.9730333
3090 57.0541057
3366 57.0912373
3666 57.1015039
3381 56.7670037
3371 57.1964579
3379 56.9199901
3369 56.9647282
2219 57.0366134
2795 57.1432363
3670 56.8648352
3655 57.1272724
3959 56.8625067
3955 57.1510486
3658 57.0195178
2508 57.1319115
3084 57.1873464
3660 57.3376949
3668 57.0749498
3944 57.3240511
4244 56.8827452
3949 57.3262206
3957 57.0634303
4248 56.6422165
4233 57.501519
3373 57.2733123
3947 57.2611747
4533 57.0641914
2797 57.2741386
4537 56.8113409
3662 57.3816942
4238 57.4563454
4236 57.4176075
3086 57.3967606
4246 56.8376484
4522 57.4099725
4822 56.7933445
4535 56.7339088
4527 57.2800507
4826 56.7966559
3951 57.4291363
4811 57.4780843
3375 57.1610516
215 57.0422522
4525 57.5457136
219 57.2316171
4240 57.3633403
3664 57.3409502
204 57.4759999
508 57.3914343
4824 56.5425963
4816 57.2950491
504 57.0884136
4529 57.286958
4814 57.5555006
217 57.2767763
209 57.1123616
793 56.9808681
797 57.2962071
3953 57.3097521
207 57.3822941
493 57.4332009
4818 57.2947404
782 57.5400628
1086 57.1285293
498 56.9976459
4242 57.2467492
506 57.2076046
1082 56.9909917
211 56.9790098
496 57.335388
795 57.3821112
1371 57.0323185
787 57.0477445
1071 57.5088841
785 57.029675
1375 56.9665467
500 56.9259207
4531 57.2138204
1076 57.152569
1360 57.331084
1084 57.1886021
1365 57.2118343
1664 57.0439442
789 56.9563507
1074 57.2376032
4820 57.0841223
1660 56.9588219
1373 57.1113729
1078 57.2489038
1649 57.2566488
1363 56.9031733
1654 57.4371866
1953 57.071156
213 57.0042428
1949 57.1452838
1938 57.2995333
1943 57.2341141
1367 56.9823111
1662 57.1483428
502 56.8591809
2232 57.201375
2238 57.3456729
2242 57.0141742
1656 57.22359
1951 57.0605353
791 56.784393
1652 57.1210998
2531 56.9975923
2227 57.2267407
1945 56.9942597
1080 56.7121979
2527 57.0599897
2521 57.0564432
2240 57.0324954
1369 56.9212418
1941 56.9581368
2816 57.2200168
2820 56.8316428
2810 57.2079754
2516 57.1846542
2529 57.162602
2234 56.9594927
3109 56.7591412
2818 56.9474379
1658 57.0634655
2230 57.0530902
2523 57.1678094
2805 57.1420868
3105 57.260586
1947 57.2036259
3099 57.182341
3394 57.2033816
2519 57.0041704
3107 56.989568
3398 56.7763987
3094 57.1901859
3388 57.2864505
2812 57.2331258
2236 57.1556347
3687 56.8249461
3396 56.9789248
3383 57.2126544
3683 56.9267819
3101 57.3389108
2808 56.9975791
2525 57.1548595
3972 57.0518774
3677 57.3466616
3976 56.7471114
3097 57.201018
4261 56.7636431
3966 57.3679949
3685 56.8338125
3672 57.2659924
2814 57.1943139
3390 57.4344062
3974 56.7439163
4265 56.8143723
3386 57.2355355
3961 57.3140815
3679 57.5242538
4550 56.8529117
3103 57.2495383
4255 57.4529531
3675 57.2244062
4554 56.8206789
4263 56.8331071
4839 56.8238296
4544 57.2560938
4250 57.4966747
3968 57.294816
3392 57.4643948
4552 56.7739788
4539 57.5826599
4843 56.7092959
3964 57.3610603
4257 57.1704063
4841 56.9199782
232 57.0410357
4833 57.1809661
3681 57.1321072
521 57.1211293
4253 57.5585441
236 57.2376305
226 57.0491925
4828 57.5418559
234 57.2976758
4546 57.2230457
3970 57.2571907
221 57.0084325
523 57.2073331
525 57.2803519
810 57.2331393
4835 57.3428798
4542 57.5188514
515 57.0205942
4259 57.1413433
1099 57.2380048
4831 57.4938916
804 56.9573768
510 57.1406683
812 57.2844913
814 57.2293895
228 56.9308479
224 57.0776784
4548 57.0467955
1101 57.2864083
799 57.2299303
1103 57.268199
517 57.0324527
1388 57.2399027
1093 57.0317023
4837 56.9955812
513 57.0803804
1677 57.1824333
1382 57.1717079
1088 57.3289216
230 56.9853161
1392 57.3059477
1390 57.3482437
806 56.8212706
1377 57.1691325
1679 57.2798191
1095 56.9685441
1681 56.9189723
802 56.9877974
1671 57.1304218
1966 57.0589602
519 57.0013997
1091 57.1471986
2255 57.1174641
1666 57.2775955
808 57.0049388
1960 57.2905778
1968 57.2148757
1384 57.1001759
1970 57.0782436
1955 57.1534629
1380 56.8990457
2257 57.1675216
1673 57.2172237
2244 57.18276
2259 56.8761397
2544 57.0943502
1097 57.0345331
2249 57.2448619
2533 57.3574485
1669 56.8455517
2833 57.064452
2538 57.2458803
2546 57.1833237
1962 57.2334533
2548 57.1493107
1386 57.2479896
2822 57.4552896
1958 57.0933945
2251 57.2916122
2835 57.120345
1675 57.1814518
2837 57.0284912
3122 57.1071598
2827 57.3491215
3111 57.2696621
2247 57.141915
2540 57.3900025
3411 57.3066427
3400 57.293763
3116 57.3430352
3124 57.071659
2536 57.2150013
1964 57.2462404
3126 56.8943322
2829 57.4471159
2253 57.419399
3413 56.9258838
3415 56.8441226
3689 57.1714309
3700 57.029232
3405 57.2374216
3118 57.4727541
2825 57.2249132
3114 57.2646853
3694 57.4350584
3978 57.4543869
3989 57.0491985
2542 57.4490566
3702 56.7784515
3704 56.7429387
3403 57.2632256
2831 57.4422727
3991 56.7066816
3407 57.4694548
3692 57.1951248
3993 56.9155133
4280 56.7535913
4278 56.9761796
3983 57.3162982
4267 57.5547967
3120 57.3500844
3696 57.486365
4567 56.7724082
4272 57.3532421
4556 57.5151798
3981 57.3098794
4282 56.7263927
4569 56.6822248
3409 57.128119
3985 57.129274
4270 57.3474661
4571 56.9792858
4856 56.7914862
4858 56.9087502
4561 57.2988144
4845 57.4073433
249 57.274204
4274 57.2246443
3698 57.1571206
4850 57.2524028
4559 57.5775699
238 56.9528454
4860 56.898512
251 57.426171
3987 57.2677304
253 57.3321304
4848 57.4186637
538 57.1812443
540 57.2952168
4563 57.2370613
243 56.798132
527 57.0219064
829 57.2986848
542 57.3946524
827 57.3425286
4852 56.987888
4276 57.0430607
816 57.0627206
241 56.8922345
1118 57.2298481
532 56.8444942
4565 56.9048796
831 57.1432104
530 56.9337037
821 56.9616032
245 56.8503185
1116 57.3342529
1105 57.0921909
1407 57.2730546
1405 57.2835454
4854 56.8480478
534 56.965611
1394 57.1103871
1120 57.1108698
819 56.9499148
1110 56.9393033
1696 57.2393674
247 57.1218786
1108 57.0636235
1399 57.1850014
1409 57.3420599
1694 57.3613566
1683 57.134633
823 56.8569189
1985 57.3218882
536 57.0946995
1983 57.1389494
1972 57.1908157
1112 56.9414966
1397 57.046644
1688 57.1902469
1698 57.1578696
2274 57.2675298
825 57.3675589
1977 57.2037043
1686 57.0472603
1987 57.0635529
2272 57.1317139
2261 57.0727372
1401 57.2690846
2266 57.3537275
2563 57.1270879
2561 57.1968057
2550 57.2965349
1690 57.366148
1114 57.288683
1975 57.1774804
2276 56.6676258
2555 57.3815899
1403 57.4089916
2852 56.9912326
2264 57.3832458
2565 56.8613441
2850 57.2217987
2839 57.4187049
1979 57.504477
2844 57.4568013
3141 57.0333105
3139 57.2411118
3128 57.2033181
2268 57.4003403
2553 57.4911345
1692 57.3860181
2854 56.8359362
1981 57.5061711
3133 57.3911503
3430 56.8226048
2842 57.4720543
3428 57.1328516
3143 56.8508583
3417 57.3501299
2557 57.6018572
2270 57.2750772
3717 57.0179595
3719 57.0163704
2846 57.7154689
3422 57.2592438
3706 57.3707431
3131 57.3749358
3432 56.7514717
2559 57.4780485
4006 57.0777093
3721 56.8138331
3420 57.3701699
3711 57.3726481
2848 57.4963171
4008 57.0164066
3135 57.54853
3995 57.408161
4295 56.9913854
4010 56.9187676
4297 56.8664895
3424 57.4887125
4284 57.2335591
3709 57.3501043
4000 57.4000382
3137 57.2857416
4584 56.7659565
4299 56.9577853
3426 57.1728502
4573 57.2919559
4289 57.2429725
3998 57.2929444
4586 56.9665491
3713 57.3119447
4873 56.7680328
4588 56.9912304
4862 57.1963363
4875 56.9611599
4002 57.1733198
3715 56.9930875
4578 57.4530025
4287 57.282114
255 56.9076354
4877 56.9069306
266 57.3805361
4004 57.1116849
4867 57.1997533
4576 57.2682051
268 57.6235669
270 57.3561709
4291 57.009112
555 57.6434022
544 57.057134
4580 57.0952252
557 57.5545893
4293 57.0902486
260 56.8284962
4865 57.218451
833 57.0216811
559 57.2260102
844 57.5109132
4582 56.8381849
549 56.8112899
258 57.1789979
848 57.0825242
4869 57.0753406
846 57.6357048
1122 57.0679824
1133 57.545378
262 57.1101081
1135 57.4403892
1137 57.1685837
838 57.0348425
4871 56.781761
1411 56.9983821
547 57.0246284
264 57.1236257
836 56.993483
1127 57.0410791
1426 57.1828598
1422 57.4391002
551 57.0871093
1424 57.2229182
1700 56.9995527
1711 57.2560485
840 56.926892
1713 57.3368345
553 57.1823343
1715 57.1887801
1125 57.2335032
1416 57.0375124
1989 57.0540462
842 57.3012199
1414 57.2458251
2004 57.0082804
1705 57.1428911
2000 57.304113
1129 57.0358608
2002 57.2919757
2289 57.3053319
2278 57.0641425
2293 56.8086632
2291 57.2191183
1418 57.339475
1131 57.4257746
1703 57.5147547
2567 57.3627603
1994 57.5298873
2582 56.8635956
1992 57.40877
2578 57.3033313
2283 57.5095602
1420 57.6106734
2580 57.0039585
1707 57.4589343
2867 57.2244514
2856 57.1519935
2869 56.9524687
2871 56.880572
1996 57.4667969
3145 57.3436823
3156 57.0736385
1709 57.5163537
2281 57.4977942
2572 57.435599
1998 57.3609897
3160 56.9560767
2861 57.5188163
2570 57.3896627
3158 56.9838897
2285 57.6962618
3445 56.9484517
3434 57.3708955
3447 56.9423049
2287 57.3455045
2574 57.5763844
3449 56.9879114
3723 57.3908205
3150 57.3888804
2859 57.4300574
2863 57.3264435
2576 57.3627527
3734 57.0756725
3148 57.5182064
3738 57.1433058
3152 57.6189398
3736 57.0331114
3439 57.3802144
4012 57.1812142
4023 57.0278336
4025 56.8836363
2865 57.2996399
3728 57.5158188
4027 56.9619349
3437 57.6331481
3441 57.25794
4301 57.2703207
3154 57.4068683
4316 56.8614427
3726 57.4734848
4312 56.825684
3730 57.2026626
4314 56.9340207
3443 57.2212594
4017 57.2593974
4590 57.1686253
4605 56.914832
3732 57.01187
4603 56.7997999
4306 57.1888174
4879 57.0715216
4601 56.578657
4015 57.3648617
4019 57.1277234
4894 56.9848069
4304 57.3897658
4890 56.7634665
4021 56.9502316
4308 56.9372166
4892 56.9304028
272 56.9242456
4595 57.1013066
4310 56.9289965
285 57.3525489
287 57.0867836
561 57.0619541
283 57.7522538
4884 57.037287
4593 57.214878
4597 57.0008914
4599 56.9432656
572 57.6441473
4882 56.8906373
576 57.0817413
4886 56.9297164
574 57.4414831
850 57.0851527
277 57.2343122
863 57.5291498
4888 56.9823799
1139 57.1494596
1152 57.4624075
275 56.9888176
861 57.468182
865 57.1059527
566 57.2436251
279 57.3287163
564 57.2131769
1150 57.3362894
281 57.3951525
1154 57.0598129
568 57.2086963
1428 57.1502905
1441 57.2267633
855 57.1575966
853 57.4495253
570 57.3095102
1730 57.2591627
1144 57.0663204
1717 57.2733427
1439 57.3421466
1443 57.2001347
857 57.2441486
1142 57.3502619
1728 57.3765458
859 57.3812203
1732 56.9560963
2019 57.3639759
1146 57.2999824
1433 57.3059234
2006 57.1341253
1148 57.4452727
2308 57.1716982
1431 57.4318231
1722 57.2458289
2295 57.3302767
2017 57.2492592
2021 56.8305131
1435 57.5164149
2597 56.9019213
2306 57.2551142
1720 57.4815747
1437 57.7249859
2310 56.8972839
1724 57.3387164
2011 57.5102772
2584 57.3849456
2886 57.0354881
1726 57.6638725
2009 57.6400916
2300 57.7260661
2595 57.1281847
2873 57.3098838
2599 56.9441864
2013 57.4393657
2298 57.5462194
3175 57.0958309
2884 57.1423352
2888 56.8363298
2302 57.4000775
2015 57.4451228
2587 57.3272699
2589 57.6454811
3162 57.3114975
2304 57.4948923
3464 57.0708022
2878 57.598199
3173 57.0625904
3451 57.3782115
2591 57.5249451
3177 57.0437555
2876 57.3333433
3462 56.8284434
2880 57.3099258
3753 57.0181779
2593 57.1701997
3466 56.8237829
3167 57.435195
3165 57.493271
3740 57.143166
2882 57.2117055
3456 57.2593867
4042 56.9644655
3751 56.8469745
4029 57.0234365
3169 57.2738641
3755 57.1706896
4040 56.7007703
3454 57.3520753
3745 57.2751576
3171 57.0770498
4331 57.0197233
3458 57.3383898
4044 56.9604782
4329 56.8296804
3460 57.0814226
4318 57.018215
3743 57.4166211
4034 57.2072852
4620 56.6825382
4607 57.2466445
4618 56.8289552
4333 57.0851763
3747 57.166506
3749 56.9920336
4032 57.4157684
4907 56.9447774
4323 57.0422461
4622 57.0432142
4036 57.1245948
4909 56.8023897
4038 56.8637806
4896 57.1198073
4321 57.364831
4612 57.1045453
14 56.8070604
12 57.2136927
4911 56.9964088
4327 56.7688071
1 59.9253068
4325 57.1242348
4610 57.2404793
301 57.1837391
16 57.0088538
4614 56.8268643
303 56.898379
4901 57.0288757
4616 56.8455637
290 59.6507427
4899 57.028013
6 56.5023969
592 56.8326774
590 57.1488621
305 56.9254303
4903 57.0346671
4905 56.9627033
579 58.8220901
879 57.0680469
4 57.3193538
594 56.7498081
8 56.7920573
295 56.485283
1168 57.1432618
881 56.8889616
10 57.0676978
1457 57.0627862
868 58.2515757
584 56.5144067
293 57.2157775
1170 56.8790697
883 56.7799494
297 56.9185071
1157 57.3918902
299 57.3734365
582 57.1089706
1746 56.9460576
586 56.8816638
1172 56.8557243
873 56.6027664
1459 57.0200315
1446 56.9337711
2035 56.8834495
1162 56.7224984
1748 56.9619301
875 57.2955177
588 57.5854194
871 56.8934845
1735 56.519015
1461 57.0472672
877 57.4087848
1160 56.5359765
1164 57.5051043
1750 56.9487753
1451 56.9196311
2324 56.8546616
2037 56.7769191
2024 56.6879925
2613 56.7676428
1740 57.0506973
1166 57.654189
1453 57.5390599
2326 57.0522785
2313 57.2779838
1449 56.4646284
2039 57.1131946
1455 57.4613172
2902 56.7918959
1738 56.4440283
1742 57.4783125
2328 57.2007661
2029 57.1249297
2615 57.0166824
2602 57.5685603
3191 56.8417267
1744 57.1980834
2318 57.4580576
2904 56.9227553
2891 57.770518
3480 56.835045
2031 57.5777381
2027 56.9968039
2617 57.2270479
3769 57.0333929
2320 57.3030276
2316 57.2213335
2906 57.3431387
2607 57.480907
2033 57.1622928
3193 56.9624569
3180 57.5657886
2896 57.3232317
4058 57.3802523
2322 57.2227746
3469 57.2550007
3482 57.1249059
2609 57.2738944
2605 57.4245918
3195 57.2800831
4347 57.5814237
2894 57.4917519
2898 57.1255115
3484 57.3939794
3185 57.0908801
2611 56.9797101
3758 57.0686895
3771 57.36308
3474 56.7796986
4636 57.4585664
2900 56.7750648
4047 56.8684356
4060 57.2216702
3187 57.000613
3183 57.3950482
3773 57.2574548
29 57.0544924
3476 56.9284433
3472 57.3532668
3763 56.8769034
4062 57.2756634
3189 56.9759081
4336 56.8373235
4349 57.1888456
4052 56.9234076
318 57.0820232
3478 56.7938265
4625 57.0491779
4638 57.1561124
3765 56.9355153
4351 57.0909745
607 57.1518736
3767 57.1250669
3761 57.0895067
4054 56.9538954
4341 57.0250986
4640 56.8758878
31 56.7846201
18 59.6216635
4056 57.3529146
4050 56.9250245
33 56.8711716
4630 57.1321568
896 57.1062283
320 56.6991231
322 56.9317135
4343 57.2319528
4339 57.0901063
1185 57.0158779
4345 57.3760285
307 59.2521598
4632 57.1717631
23 56.5099023
4634 57.4077851
609 56.6373413
4628 57.4147986
611 56.7805992
1474 56.8995023
312 56.5335845
596 58.7843603
21 57.1750904
898 56.8758711
900 56.8266005
25 56.7163165
27 57.2975517
1763 56.8941842
885 58.0452522
314 56.9819177
601 56.8240996
316 57.5132152
1189 56.8537855
1187 56.903661
310 57.1256688
890 56.6125948
605 57.4352696
2052 56.6409348
1174 57.2796886
1478 56.9308682
1476 56.9962122
603 57.0923846
2341 56.8160465
599 57.0871356
894 57.4153348
1463 56.8813157
1179 56.7173148
892 57.2037013
1767 57.0172717
1765 57.0356646
1468 56.9244238
888 56.7918071
1183 57.5051586
2630 56.7526709
2056 57.3511909
1752 56.6608131
2054 56.9329821
1181 57.4793932
2919 56.8279074
1177 56.6301361
1472 57.3030907
1757 57.0066024
2041 56.5703953
1470 57.5684719
2345 57.3597932
2343 56.8315747
2046 57.375174
1761 57.3493433
1466 56.422038
3208 56.895576
2634 57.3845099
2632 56.8407199
2330 56.9987645
1759 57.5081333
3497 57.0053629
1755 56.5924517
2050 57.1365421
2335 57.6515755
2619 57.6230109
2048 57.4183775
2923 57.0708357
2921 57.0714596
2044 56.8828565
2624 57.5382316
2339 57.2752924
3786 57.2760355
3212 57.3266393
3210 57.2878288
2908 57.7388614
2337 57.3073868
4075 57.6111717
2333 57.2380613
2628 56.8684632
3197 57.6747203
2913 57.407982
2626 57.281344
3501 57.4101191
2622 57.4751724
3499 57.47229
2917 56.7942939
3202 57.2916091
4364 57.493919
3790 57.3690187
3788 57.5595431
3486 57.4300366
3206 56.6734849
2915 57.0192602
2911 57.6203115
4653 57.3092371
3775 57.1635853
3491 57.0099949
3204 57.0821588
3200 57.4483064
4079 57.1392463
4077 57.3123905
3495 56.9590942
3780 56.9438381
46 57.1742737
4368 57.1740943
4366 57.1117647
3784 57.061945
3493 56.890375
4064 57.0394565
3489 57.30199
335 57.012066
3782 56.8713565
3778 57.0233485
4353 56.9924892
4069 56.954355
624 56.9912305
4657 57.2569356
4655 57.2500468
4073 57.3490535
913 56.9254337
4071 56.966816
4067 56.9133596
50 56.7079548
48 56.7872386
4362 57.3897507
4358 57.3206511
4642 57.0897295
4360 57.2258525
4356 56.8641345
35 59.0323738
1202 57.0614856
4647 57.2064472
339 56.929526
337 56.6664514
4651 57.3196948
1491 56.991943
4649 57.3371389
628 56.8215836
626 56.8226736
4645 57.1461691
40 56.380262
44 57.3782837
324 58.7660952
38 56.9370129
42 56.9937971
1780 56.891328
613 58.3531514
329 56.5509876
915 56.7983901
917 56.8219628
333 57.3577315
2069 56.7974391
327 57.0008569
331 57.0478096
1204 56.9394964
1206 56.9128518
618 56.7036121
622 57.5467129
902 57.6030519
2358 56.834351
616 56.9922579
620 57.166233
907 56.7445593
1191 56.9067675
1493 57.1143243
909 57.3212513
905 56.8180833
2647 56.7369666
911 57.2567734
1782 56.903648
1198 57.4048613
1194 56.6266924
2936 56.9661953
1495 57.0199689
1196 56.8670022
1480 56.7120922
1200 57.2825836
1769 56.7752086
2071 56.9750197
1485 57.0470243
1487 57.495273
1784 57.1353685
1483 56.5421648
3225 56.8791201
1776 57.6587039
1489 57.0492957
2360 56.884898
1772 56.9084863
3514 57.2043659
2058 56.7881745
1774 57.1137419
2073 57.1733195
2065 57.3944159
2347 57.1327229
1778 57.0660313
2063 57.4229118
2649 57.0571724
2362 57.1750323
2061 57.1536365
3803 57.4775912
2354 57.2288725
2350 57.4264695
2938 57.2964213
2067 57.1690958
2636 57.4506568
4092 57.4027514
2352 57.5728466
2651 57.201421
2925 57.5411175
3227 57.1653687
2641 57.3390084
2356 57.0601164
2643 57.1738202
2639 57.5882521
2940 57.3930321
4381 57.3525271
2932 57.0946642
2928 57.5337215
3516 57.3228413
2645 56.8919239
4670 57.3052609
3214 57.5968065
2930 57.4827638
3805 57.2640351
3217 57.4921125
3229 57.2834824
3221 56.9762755
3219 57.1314018
3503 57.2930933
2934 56.7449674
3518 57.3720258
63 56.9745189
4094 57.2649236
3510 56.8884107
3506 57.2283119
352 56.8648319
3792 57.0486089
3508 56.9734315
3223 56.7510072
4383 57.3477072
3807 56.9863164
3795 57.0222825
3797 56.9920607
3799 56.8891059
4081 57.1589105
3512 56.9292223
4096 57.1527099
641 56.9261091
4088 57.1178888
4672 57.2020317
4084 56.8963923
4086 56.9209766
930 56.9492541
4370 57.1754514
65 56.7635575
3801 57.0695696
4385 56.9505424
4373 56.9797718
4375 57.1371572
4659 57.0988281
4377 57.476506
4090 57.2770546
4674 56.9818081
1219 56.9023983
354 56.9208109
4379 57.2694933
4666 57.5554262
4662 57.1580924
52 57.7488792
643 56.9128367
1508 56.9377745
4664 57.3363716
55 56.5608023
67 56.8304351
57 56.5792452
4668 57.1964717
344 56.6355859
59 57.1232095
356 56.6783237
341 57.9474789
932 56.8263383
1797 56.7982618
633 56.8255451
348 57.013467
61 57.5198855
630 57.6626491
346 56.6410486
2086 56.7952302
1221 56.8962954
645 56.9281262
922 56.6717387
635 56.8028473
350 57.5538048
637 57.2127719
934 56.8531242
919 57.1202657
2375 56.809117
1510 56.902198
926 57.4275411
1211 56.5528829
639 57.5067618
1208 56.7766679
2664 56.7063141
924 56.863995
1799 56.7364062
1223 57.0104127
1213 57.1212679
1500 56.648986
928 57.2399644
1512 57.1819826
1215 57.4452325
2953 56.8160197
1497 56.6897704
2088 56.8928549
1504 57.4279899
1789 56.873721
1786 56.6959534
1801 57.1773025
1502 57.2122204
3242 57.0803082
1217 57.3261667
2377 56.9044407
1791 57.4712476
2078 57.3006247
2090 57.2480522
1506 57.237831
1793 57.4363319
2075 56.9279128
3531 57.182379
2666 56.8582023
2082 57.4458229
2364 57.2326227
2080 57.3857075
3820 57.4842108
2379 57.1586844
2367 57.4154919
2955 57.0886251
1795 57.2974918
2369 57.4848823
2656 57.6334427
2371 57.2923992
2084 56.9637124
2668 57.1498866
2653 57.5967341
4109 57.2027707
3244 57.3402135
2660 57.0108009
2942 57.7651348
4398 57.4722825
3533 57.1535295
2957 57.1708902
2658 57.2809049
2945 57.538968
2373 56.9169584
2949 56.8982716
3238 56.9518263
3234 57.4531981
2662 56.7474152
3246 57.3252449
2947 57.2534306
3822 57.2977569
3231 57.480084
4687 57.3636255
3236 57.1005963
3520 57.1968157
3527 56.8254292
80 57.1118304
4111 57.3470989
3523 57.1458875
2951 56.7256756
3535 57.3909037
3816 56.8159554
3812 57.0591073
3525 56.9355357
3240 56.7166755
3824 57.1509386
3809 56.935232
369 57.024996
4400 57.1870683
3814 57.0584355
4098 56.9524552
658 56.9841885
4101 57.0811616
4105 56.9007598
3529 56.7214389
4689 57.1308224
4113 56.9494895
4394 57.1454279
4390 57.005092
4103 56.9549839
3818 57.0157279
4402 56.8779794
947 56.9256953
4387 57.1073157
82 56.6858819
4392 57.0696014
1236 56.8757104
4676 57.1481925
4683 57.2723811
4679 57.2078165
371 56.6633221
4107 57.3631837
4691 56.841298
76 57.3248615
72 56.573224
4681 57.3218262
4396 57.2967861
84 56.8620689
1525 56.8889608
69 57.2027889
660 56.7695026
74 56.7506582
1814 56.7133868
365 57.2959807
358 57.2325528
361 56.5990783
949 56.841157
4685 57.3948053
373 56.8018778
654 57.2516624
650 56.531267
363 56.7881363
78 57.4235309
662 56.9896483
647 57.0450475
2103 56.631027
652 56.8725627
1238 56.9297953
936 56.9223581
939 56.8477554
2392 56.6121296
943 57.5770525
951 56.8917194
367 57.3459092
1527 56.8795271
1228 56.7867418
1232 57.5647332
941 57.2071414
656 57.4297006
1225 56.6939148
1240 57.0984256
2681 56.6561814
1230 57.2628381
1816 56.8705029
1514 56.7666113
2970 56.8243689
1521 57.4950873
1517 56.8005946
2105 56.8481332
945 57.2856442
1519 57.460678
1529 57.1172736
1810 57.5832538
1806 57.0731691
1234 57.4434137
1818 57.0052257
1803 56.6724397
3259 56.9829877
1808 57.6668448
2394 56.8383069
2099 57.4244793
2092 57.2019027
3548 57.1761191
2095 57.2394628
1523 57.244663
2107 57.3812791
2683 56.8776056
2388 57.1379696
2097 57.4648785
2384 57.317544
1812 57.0824278
2381 57.2915512
2396 57.1970513
3837 57.3394432
2386 57.2121492
2972 57.1255013
2670 57.5407439
2677 57.0673426
4126 57.2025295
2673 57.681845
2101 56.9975348
3261 57.3605018
2685 57.1412179
2675 57.0629071
2966 56.9539947
2962 57.6262604
2390 56.9384511
2959 57.5733195
2974 57.0971817
4415 57.4104505
2964 57.0713617
3550 57.2914293
3248 57.4107296
3255 56.8625558
4704 57.4042265
3251 57.303583
2679 56.6976884
3263 57.1305299
3839 57.2238913
3544 56.9141874
3253 57.0626678
3540 57.1086481
2968 56.7759339
3552 57.2403105
3537 57.0383713
97 56.8665861
3542 56.9524698
3841 57.1269464
4128 57.2763681
3826 56.8652212
386 57.1142793
3831 56.8843201
4417 57.1509724
3257 56.77496
3829 57.1169098
3833 57.0306374
4130 56.9780153
4120 56.927589
4118 57.1762912
3546 56.7420252
4706 56.9726311
4122 57.3358697
4115 56.8148916
4419 56.9059933
675 56.9154812
4411 57.194976
4404 56.9479844
4409 57.2897851
964 56.9217718
99 56.7490321
4407 57.2045673
3835 57.132785
4698 57.4205849
4708 56.9007396
4696 57.2266831
4124 57.3913401
4700 57.2566287
4693 57.2885019
388 56.6728091
1253 56.8861314
101 57.0659935
86 56.7557287
91 57.0616781
93 57.441536
1542 56.8338492
89 56.610497
677 56.6865434
4413 57.3336858
380 57.0861559
390 57.014953
378 56.561047
375 56.7234485
4702 57.215069
382 57.430545
1831 56.7948909
669 57.1057371
679 57.1881564
966 56.8397187
671 57.5517128
664 56.8246651
667 56.6779127
2120 56.7781369
958 57.3209453
1255 56.7792731
95 57.4735577
953 56.7061587
968 57.020313
956 56.7538011
2409 56.571711
384 57.4228551
960 57.7775236
1247 57.544779
1257 57.0987686
1544 56.8141912
1249 57.7834044
1242 56.8106392
2698 56.6574328
1245 56.8460078
1833 56.7718407
1536 57.598527
673 57.3581184
1546 57.0985186
1534 57.0744538
1531 56.7774515
1538 57.5853201
2122 56.7786867
2987 56.8695057
962 57.4167794
1835 57.1538278
1825 57.7074517
3276 56.9633192
1827 57.5225587
1820 56.9545283
2411 56.7825494
2114 57.5833661
1823 57.2724139
1251 57.3071077
2124 57.2478678
3565 57.2295574
2403 57.4414346
2112 57.3703328
2116 57.4601583
1540 57.2607345
2109 57.2007897
2413 57.147575
2700 56.9909421
2405 57.1166178
3854 57.1158848
2398 57.3087104
2692 57.1331549
2401 57.4885786
2989 57.3018149
1829 57.0927557
2702 57.352534
2981 57.0610623
2694 57.0399222
2690 57.4425916
4143 57.1658635
2118 56.8580212
2687 57.4669051
2983 56.9678203
2991 57.3730552
3278 57.0952516
4432 57.3050347
3270 56.9667609
2976 57.5380607
3567 57.207479
3272 56.9253609
2979 57.287782
2407 56.6877734
3559 56.8972299
3280 57.0004134
3268 57.0618617
4721 57.2471655
3561 57.0165186
3265 57.2692268
2696 56.6397495
3569 56.9950984
3856 57.1417924
114 56.8830152
3848 56.833179
3554 57.0182948
4145 57.1445716
3557 56.909565
3850 57.2006604
2985 56.7294244
4137 56.9370311
403 56.9914648
3858 56.9147244
3274 56.8283344
3846 57.0185805
4139 57.3193287
3843 56.9788278
4147 56.781514
4434 57.1805318
692 56.9942656
4426 57.2478621
4132 56.9115138
4723 56.8551398
3563 57.0357504
4135 57.1823961
4428 57.41533
4715 57.5626826
4436 56.9703181
3852 57.1091958
4424 57.2097684
981 57.080804
116 56.7534213
4421 57.1390011
4725 56.8812504
4717 57.4386259
4710 57.2076115
108 57.2832635
1270 56.9278226
405 56.7310878
4141 57.1496917
4713 57.3483137
118 57.021579
397 57.290201
110 57.5556646
4430 57.3419091
106 56.6518201
103 56.5425095
407 56.9642291
1559 56.8559639
399 57.6437162
694 56.8773481
1848 56.8669987
686 57.3937614
392 56.5326707
983 56.7446675
395 56.7094962
4719 57.2997137
696 57.0985244
688 57.5506496
975 57.7029618
112 57.4518039
985 57.15632
684 56.93909
2137 56.7915484
681 56.6261837
977 57.7793753
1272 56.9287349
2426 56.8015795
1264 57.8832881
1274 57.1049274
970 56.8568061
1561 57.0115169
401 57.5219215
973 56.9768351
1553 57.6653351
1266 57.865717
1563 57.0054869
690 57.5398192
1262 57.0838026
2715 56.6592515
1850 56.8172495
1259 56.8294084
1555 57.7388024
1852 57.0106062
3004 56.847168
1842 57.5617672
1548 57.0238715
2139 56.907991
1551 57.2282123
979 57.4581204
2131 57.6303521
1844 57.6254424
2141 57.0832185
3293 57.252154
1840 57.5207284
2428 56.8842636
1268 57.2035462
1837 57.2548154
2430 57.1522801
2133 57.2864117
3582 57.2717551
2420 57.38629
2717 57.039347
2126 57.329124
1557 57.2700127
2129 57.5302746
2709 57.2077119
3006 57.092973
2422 57.141506
2719 57.0855342
3871 57.1478376
1846 57.2204179
2418 57.5757784
2415 57.4814446
3008 57.0395945
2711 57.0063386
4160 57.3665178
3295 57.1101279
2998 57.1232794
2704 57.454403
2135 56.9281786
2707 57.418787
3584 57.0860109
3297 57.0010383
3287 56.9060354
3000 56.9251579
4449 57.245091
2424 56.8182897
2996 57.4217057
3586 57.0947321
3289 57.1156749
2713 56.7416006
2993 57.2697816
3576 56.8652817
3875 56.9431155
3002 56.7836146
4738 57.091547
3578 57.1854207
3873 57.0442194
3285 56.9750712
3291 56.9967847
131 56.7704251
3282 57.1976001
3867 57.226096
4164 56.7991428
3865 56.8357925
3574 56.7148776
4162 57.0013051
3571 56.8649019
4154 57.1464819
3580 57.1272299
420 56.821065
4453 56.7463888
4156 57.317758
3863 56.951382
4451 56.8921356
3869 57.3479913
3860 56.9697913
709 56.8009344
4443 57.2708448
4445 57.4834335
4152 57.0695999
4149 56.9342077
4742 56.7570614
4740 56.8434094
4732 57.4159705
4158 57.3123538
998 56.8862502
4734 57.3655158
135 57.2407599
4438 57.1335708
4447 57.4545065
4441 57.0830049
1287 56.7307482
133 56.8902325
125 57.6053378
4730 57.3076531
4727 57.2416508
127 57.5698578
424 57.0862088
414 57.5588342
422 56.8603134
1576 56.7970514
4736 57.2474154
713 56.993546
416 57.6155761
129 57.3246416
123 56.8338137
1865 56.8340462
703 57.4061008
120 56.6130986
711 56.7687524
412 57.2080889
409 56.6096089
1002 57.0124125
1000 56.6210349
2154 56.8496684
992 57.6636375
705 57.6555548
418 57.4443358
1291 57.0388104
994 57.6853652
2443 56.7822458
701 57.2749472
707 57.1517493
698 56.7370683
1281 57.8170205
1289 56.8824596
990 57.3789579
987 56.947776
2732 56.8327525
1578 56.9349765
1580 56.8215692
1570 57.830961
1283 57.74496
996 57.2599594
1869 57.0585722
1572 57.5764832
3021 57.1045564
1279 57.5756609
1276 57.3752356
1285 57.1216507
1867 57.0132606
1859 57.6393981
1568 57.5572194
1565 57.4427681
2158 57.0660131
2156 56.9886479
1861 57.3969674
2148 57.7345686
3310 57.0923619
1574 57.2288896
2447 57.1378431
2150 57.3644659
1857 57.509997
1854 57.5220813
1863 57.0563538
3599 57.2798589
2445 56.989851
2437 57.479512
2146 57.6237436
2143 57.6940427
2736 57.1850363
2734 57.1490639
2439 57.203537
2726 57.2039817
2152 56.9033087
3888 57.1784259
3025 57.1478182
2728 57.0395389
2435 57.5904422
2432 57.5243427
2441 56.90334
4177 57.1683723
3023 57.1168683
3015 57.112919
2724 57.5233823
2721 57.4036477
3314 57.113474
3312 57.1660154
3017 56.9204866
3304 56.736394
2730 56.7955895
4466 57.1969642
3603 56.8945189
3306 57.1752249
3013 57.241843
3010 57.1471513
3019 56.8234792
3601 57.1597611
4755 57.0298253
3593 56.958426
3892 56.9497094
3302 56.9725743
3299 56.9182465
3890 57.0895167
3595 57.1486002
3882 57.0460043
3308 57.15604
148 56.7641531
4181 56.7683044
3884 57.2539501
3588 56.8918583
3591 56.7573281
437 56.7344488
3597 57.2428376
4179 56.9384258
4171 57.2511586
3877 57.0326687
4468 57.0147515
3880 56.8653421
4470 56.728183
4173 57.4624408
4460 57.5082619
3886 57.3172582
726 56.8096009
4759 56.7241216
4757 56.8023701
4462 57.3954547
4166 57.0674867
4175 57.2615158
4169 57.0080213
1015 56.7216026
4455 57.1845094
4749 57.4331166
150 57.0046548
152 57.1301916
4458 57.2992278
4751 57.5152368
142 57.4492999
4464 57.3380308
441 57.0794229
4744 57.26775
1304 56.6372543
439 56.7853639
144 57.6186195
4753 57.2960267
4747 57.3376638
1593 56.7561707
730 57.1146914
431 57.5634992
137 56.9756513
140 57.2432305
728 56.9180847
146 57.1372978
433 57.4784187
720 57.5342525
1017 56.6605932
1019 56.8385908
1882 56.8978067
722 57.5574226
435 57.3058667
426 57.0553622
429 57.4818534
724 57.0706761
2171 56.9474615
1308 56.8786016
715 57.1802264
1306 56.9460014
1009 57.8928847
718 57.3351707
1011 57.5174942
1595 56.8472987
1298 57.7973471
1004 57.3860725
1597 56.8883927
1013 57.1453923
1300 57.4692083
2460 56.9119054
1007 57.3817782
1884 57.0828347
1302 57.1031511
2749 56.8985484
1293 57.5186785
1589 57.2493657
1587 57.9192697
1886 56.9761676
1296 57.5779709
2173 57.1803374
1582 57.8762991
1876 57.5281852
1591 56.9635799
1878 57.1079826
2175 57.112109
3038 57.013719
2462 57.2152365
1880 57.1481374
1585 57.7427092
2167 57.1585521
3327 57.0464987
1871 57.617129
2165 57.4620707
2751 57.128844
1874 57.5507429
2160 57.7553196
2464 57.059891
2456 57.0004351
2169 56.9937324
2454 57.1611459
2753 56.9817844
3616 57.1990484
2745 56.9170587
2458 56.8553555
3040 56.9768854
2163 57.4842532
2449 57.4447665
3905 57.2213194
2743 56.9280918
3042 57.0533708
2452 57.3642686
3034 57.0130932
3329 57.1010783
3032 57.1817506
2738 57.2916597
2747 56.8010153
3331 56.9349675
4194 57.180186
3323 57.1643356
3036 56.9637117
3321 56.9554472
2741 57.1630563
4483 57.0353873
3618 57.100948
3027 57.1303829
3620 56.9643659
3030 56.8854569
3907 56.9850523
3610 57.1059948
3316 57.0555825
3612 56.9992053
3325 57.1819573
3909 56.751349
4772 56.9047513
3901 57.2234
3319 56.7942037
3614 57.466425
4196 56.8664328
165 56.8389307
3899 57.1072737
3605 56.9974838
4198 56.7980327
3608 56.9513535
4485 56.8281004
4188 57.1057811
3894 57.1141286
4190 57.2958521
3903 57.2617358
4487 56.6529898
454 56.7922703
4479 57.2699554
3897 57.0345232
4192 57.2293526
4774 56.8624111
743 56.9108401
4477 57.2114139
4183 57.1141759
4186 57.167222
4776 56.658352
167 57.1221706
4766 57.3934318
4768 57.3131668
4472 57.1969344
4481 57.2431712
169 57.146627
1032 56.9200655
161 57.2851462
4475 57.2096319
4770 57.2259642
450 57.3577382
456 57.0102822
1321 56.6063131
4761 57.3155631
159 57.3425339
458 57.0957092
154 57.2658037
4764 57.3955438
745 56.8993629
448 57.5530285
747 57.1063228
739 57.2364585
163 56.8361784
1610 56.5748554
157 57.3078355
443 57.4962128
1028 57.2334888
452 56.9931828
1036 56.9365044
1034 56.8104485
1899 56.8729252
737 57.7854798
446 57.6000964
732 57.6457273
1323 56.7841652
1026 57.6734599
1325 56.8092122
741 56.9103098
1317 57.2587148
2188 56.8841921
1021 57.5712017
735 57.4838418
1614 56.966612
1030 56.8488021
1612 56.9494317
1606 57.149672
2477 56.9689937
1024 57.5809672
1315 57.5870396
1310 57.6608872
1901 57.0341549
1599 57.7155564
1604 57.4274423
1903 57.0721898
1313 57.6091813
1319 56.8052133
1895 57.1722157
2766 56.9824633
2192 56.9964561
3055 56.9950504
1608 56.879046
2190 57.144221
1602 57.4836328
1893 57.5414612
2184 56.88236
1888 57.5677105
1891 57.2872667
2473 56.8970351
2479 57.1676565
2182 57.2358849
2180 57.3667054
3344 56.9479334
2481 57.0659634
2762 56.9640306
2177 57.7319106
1897 56.8342543
2471 56.9701146
3633 57.3052273
2768 57.0516369
2186 56.8373472
2466 57.4929591
2770 56.9672453
2469 57.160161
3922 56.9781997
3051 56.9284784
3057 56.9222048
2760 57.0505338
2758 56.9416346
2475 56.7634227
2755 57.2238972
3340 57.267008
3049 57.1301628
3059 56.9797833
4211 57.1326539
3044 57.0309773
2764 56.7921579
3346 57.0454265
3047 56.9105847
3348 56.7096667
3629 57.1639134
3338 56.9874188
4500 56.9895311
3336 56.8254388
3635 57.0005181
3333 56.9558275
3053 57.0608601
3918 57.1097879
3627 56.9071128
3637 56.8817392
3622 56.9783075
4789 56.9519686
3342 57.0646277
3924 56.9631478
3625 56.95701
3911 57.0270764
3926 56.8181527
4207 57.1992023
4213 56.7994278
3916 57.0301174
3914 57.1355488
182 56.8968585
3631 57.2383463
4200 57.2008428
4502 56.8280549
4496 57.2508985
4205 57.2108795
4215 56.8054967
471 56.8886835
3920 57.2020477
4489 57.3892982
4203 57.3783217
4504 56.6402397
4791 56.962245
4785 57.2076843
760 56.8291483
4492 57.4517736
4494 57.1507233
4209 57.2299702
4778 57.4710434
184 57.3706155
4783 57.3185373
4793 56.8039956
178 57.1399041
1049 56.8678208
4498 57.3317487
171 57.60389
4781 57.4041312
186 57.1071924
1338 56.6906821
473 57.0886448
467 56.9912345
4787 57.0444232
174 57.520535
176 57.2205415
762 57.0441447
460 57.6627699
756 57.0389601
180 56.682048
475 57.0154432
1627 56.7727276
465 57.5681138
1045 56.9283842
469 56.8037822
463 57.4799103
764 56.919122
1051 56.8613811
749 57.7815173
1916 56.7479587
752 57.52771
1340 56.8307495
1053 56.9248723
754 57.5186904
1038 57.7757155
1334 57.0682145
758 56.7571176
1043 57.3531105
2205 57.1230846
1623 56.8260841
1041 57.5772715
1047 56.7473522
1342 56.9169144
1629 57.0352051
1330 57.5060606
2494 57.0315637
1336 56.836868
1327 57.7690355
1631 56.8702514
1619 57.2140897
1918 56.8795238
1912 56.9366034
1908 57.3108562
2783 57.1301479
1332 57.4089208
2207 56.8474642
1616 57.6719729
1625 56.8547984
1920 56.9157589
3072 56.9820077
2496 57.1356224
1621 57.3780797
2201 56.8902191
1914 56.854584
2197 57.2634544
2209 57.029834
2490 57.0680594
1905 57.4807557
3361 56.9846945
2486 57.1150075
2785 57.1007544
2203 56.9092879
1910 57.3543609
2194 57.2556997
3650 57.0766699
3074 57.0325027
2779 56.9794609
2498 56.9690637
2199 57.2140994
2492 56.9776765
2775 56.914308
3068 57.0700755
2787 57.0127452
3939 56.9720719
2483 57.318067
3064 56.7527256
3363 57.0263755
2488 57.0146153
3357 57.2102454
2781 57.1126171
4228 56.9643504
2772 57.2640871
3652 56.8800022
3076 57.0549086
2777 57.1131715
3070 57.0480123
3646 57.3104899
3353 56.8167999
3365 56.8603518
3061 57.0737601
4517 56.874544
3642 57.0173677
3941 56.8742003
3066 57.0738484
3935 57.448128
3359 57.0723206
4806 56.7901332
3350 57.0229755
4230 56.8348217
3654 56.8047125
3931 57.1748597
3355 57.2013918
4224 57.1528055
3648 57.1020264
199 57.1484347
3639 56.8382252
3943 56.7750374
4519 56.8249617
4220 57.2767358
3644 57.1605024
4513 57.3534705
488 57.0666936
3937 57.1189459
4808 56.7574594
3928 57.1398972
4232 56.7688156
3933 57.2290389
4509 57.3148684
4802 57.179677
4226 57.2482325
4521 56.9723171
777 56.9691267
201 57.3590121
4217 57.4652016
4798 57.4066586
4222 57.4469836
1066 57.1043825
195 56.9289351
490 57.2370942
4515 57.2310234
4506 57.2812508
4810 56.9242017
4511 57.3342766
191 57.360383
484 56.8762642
4804 57.0108937
203 57.0778444
1355 56.8481085
779 57.3125447
4795 57.4450937
480 57.3314176
4800 57.1580756
1644 56.8064558
1068 57.2481458
188 57.62676
773 56.8184165
492 57.0455561
197 56.8309225
193 57.0505859
769 57.4018948
486 56.8874378
1062 56.8081783
781 57.0107968
1933 56.9566786
1357 56.8655491
477 57.6879371
1058 57.3075462
482 57.1929666
775 56.8552844
2222 57.2143796
1646 57.048682
766 57.5215146
1070 57.0425535
1351 56.7987798
771 57.14082
1347 57.3999118
1064 56.7595401
1640 56.8590494
1359 57.1448048
2511 57.1348481
1935 57.0777804
1055 57.6370155
1636 57.1859413
1060 57.3858056
2800 57.3795128
1353 56.8669807
2224 57.1004938
1344 57.4505456
1929 57.0489259
1648 57.057855
1349 57.1875248
1925 57.2486379
1642 57.0257452
1937 57.0604907
2218 57.0624315
3089 57.1131303
2513 57.325881
1633 57.3047205
2214 57.2913942
1638 57.2583698
3378 57.1096012
2802 57.1500954
1922 57.4148746
1931 56.7569877
2226 57.0469337
2507 57.1858338
1927 56.9597518
2503 57.179196
2796 57.3024361
2220 56.9282156
3667 57.2409296
2515 57.179016
3091 57.1078194
2211 57.2563553
3085 57.1896846
2792 57.117725
2216 57.0641751
3380 56.7695456
2500 57.0837673
3374 57.2105464
2804 56.6805129
2509 57.0876065
3956 57.1445842
2505 57.0080557
3081 56.9558807
4245 56.8203941
2798 57.0047092
3093 56.9433196
3663 57.4473629
2789 57.12091
3669 56.8641311
3370 57.1471441
2794 57.1643386
3958 56.8330285
3952 57.3621519
3078 57.1465194
3087 57.1273435
3382 56.9002444
4534 56.7879746
3083 57.0260248
3659 57.1186735
4823 56.5914613
3671 56.7367359
3376 57.1329825
4247 56.8649797
3367 57.0539129
4241 57.4134351
3948 57.3450375
3372 57.2409268
216 57.472016
3656 57.0650831
4536 56.7640427
4530 57.4142136
3960 56.9707533
3665 57.1866443
3661 57.3288747
4237 57.3606674
505 56.9899033
4249 56.8874774
3945 57.0916949
3954 57.1898932
4825 56.8310478
4819 57.2432714
4526 57.5809578
3950 57.1586427
794 57.0183675
218 57.2999375
4234 57.3444046
212 56.8467171
4243 57.2551989
4538 56.959648
4239 57.4656243
4815 57.5320423
1083 57.1568595
4532 57.0788143
4827 57.02665
507 57.3183141
4523 57.5298108
501 56.9120934
208 57.2380914
4528 57.4733431
4812 57.4315416
790 56.9112797
796 57.3868308
1372 57.0128933
4821 56.8473291
220 57.0959159
4817 57.4763015
497 57.2284527
214 56.7596525
1661 56.998266
509 57.3018232
1079 57.0346391
205 57.509946
1085 57.2768753
786 57.1363291
210 56.9847962
494 57.5694644
1374 57.1240409
1368 56.9290713
1950 56.9720972
503 56.8441927
798 57.1567188
499 56.8784322
1075 57.1614787
2239 57.0690984
792 56.9411357
1087 57.1276995
783 57.3782775
1663 57.0246685
1657 56.8660484
1364 57.2972143
788 57.0153696
1072 57.3550682
1952 57.1680966
1946 56.9819312
2528 57.082124
1081 56.9440845
1376 57.1010645
1077 57.0419997
1653 57.2906426
1370 56.9752306
2817 57.2117339
1665 57.1275392
1361 57.2845753
2241 57.1291525
2235 57.1977868
1942 57.0788089
1366 57.1934986
2530 57.1651711
1650 57.1504285
2524 57.3022574
1659 56.9907642
3106 57.059883
1954 57.2108513
1655 57.2150196
2231 57.2205462
1948 57.0989071
3395 56.9939609
2243 56.8993613
2819 57.1299513
1939 57.2318015
2813 57.3306518
2520 57.1978814
1944 57.124544
3108 56.9868893
2228 57.1346014
3102 57.3251819
2237 57.2524258
3684 56.9793186
2532 56.9787298
2233 57.116401
2526 57.1451768
2809 57.2112872
3397 56.9045427
3973 56.921658
2821 56.7833165
2517 57.1796083
3391 57.2723178
3098 57.2753389
2815 57.11645
2522 57.113543
3686 56.9010184
2806 57.1886621
3680 57.3611767
2811 57.1956815
4262 56.9166827
3110 56.8439626
3104 57.1513992
3387 57.2933796
4551 56.6953945
3969 57.1883514
3399 56.7686481
3100 57.2397647
3975 56.7183653
3095 57.1221738
3676 57.2460254
3393 57.1034784
4264 56.5638423
4258 57.2271133
3384 57.1580221
3389 57.4194486
4840 56.7332061
3688 56.7576636
3965 57.516689
3682 57.0335613
233 57.2931035
4547 57.1461958
3977 56.9580477
4553 56.6965698
3673 57.1489449
3678 57.4532273
4254 57.4526892
4842 56.7063565
3962 57.2446573
4836 57.0656367
522 57.1742965
3971 57.0755862
3967 57.4856362
4266 56.8376206
4543 57.2211654
811 57.127331
4260 57.0723926
4555 56.917195
235 57.3947664
229 56.9575506
4251 57.45382
4832 57.4636804
4256 57.4512924
524 57.2403028
518 57.0604703
4540 57.4287254
4549 57.036978
1100 57.3249716
4545 57.2449952
4844 56.6505467
225 56.9437553
4838 56.8157638
1389 57.361329
237 57.1733466
813 57.2183353
807 57.0630079
4829 57.511715
514 57.0327673
4834 57.2333203
1102 57.3205082
1096 57.0229265
222 57.1266972
227 56.9642187
231 57.0116511
1678 57.1439257
526 57.2097284
803 57.0229585
1967 57.2545064
520 57.1617542
815 57.2252164
516 56.9800638
1391 57.2129534
1385 56.9958834
511 57.0559921
1092 57.0760242
1680 57.1213466
1674 57.1133527
805 56.919768
800 57.3498854
2256 57.1392387
809 57.2380084
1104 57.2631695
1381 57.0736351
2545 57.1206887
1393 57.2042759
1098 57.1007919
1094 57.0509329
1963 57.2493266
1969 57.0160701
1670 57.1318688
1089 57.3170978
2252 57.3570275
2258 57.1930478
1378 57.0877382
1383 57.0486809
1387 57.1029716
2834 57.138938
1682 56.9668691
1959 57.061403
2541 57.4394577
1676 57.067265
3123 57.0774609
1971 56.9530413
2547 57.1207433
2248 57.1485338
1667 56.9083511
1672 57.2640343
2830 57.6391451
2836 57.1746897
1965 57.2020226
1956 57.0578755
1961 57.3237128
2260 56.8721551
3412 57.0770322
2537 57.2608293
3119 57.3100369
2254 57.2743084
2549 56.9080276
3701 56.8984648
2245 56.9931731
2826 57.4025981
3125 56.9660828
2250 57.492521
2838 56.8436301
2534 57.0420442
3408 57.3313924
2543 57.3002762
2539 57.3032628
3127 56.9164178
3990 56.9733143
3414 56.8358184
3115 57.310435
2823 57.2059472
2832 57.1736083
4279 56.7390594
3703 56.7084821
3697 57.295506
3404 57.2686851
3416 56.8935437
2828 57.4053527
3112 57.2203543
3986 57.0722713
3117 57.4654606
3121 57.3458522
3992 56.7244352
3705 56.8302871
4568 56.6406632
3693 57.4067938
4281 56.8147705
3410 57.2776893
3401 57.3781248
3982 57.3533702
4857 56.7875831
4275 57.2475833
3406 57.2655816
3994 56.8318844
3690 57.3680788
4564 57.0524624
4570 56.8128256
3699 57.1483123
3695 57.5109096
4283 56.9494048
250 57.3470712
3979 57.4802696
4271 57.4094883
4859 56.834573
3984 57.4683739
539 57.2687935
3988 56.9780479
4853 56.8933143
4273 57.3221097
4572 56.9433221
4268 57.5289665
252 57.3701725
4560 57.3861229
246 56.9708408
4861 56.9016118
828 57.3642974
4277 56.8715446
541 57.339127
4562 57.1949324
4849 57.2933921
4557 57.6636826
1117 57.3316961
4566 56.8273738
830 57.4187945
4851 56.9833898
535 57.0557217
254 57.1117927
4846 57.4343557
543 57.2665059
242 57.0053835
824 57.2921845
4855 56.7114368
1406 57.270885
244 56.8640602
1119 57.3940281
239 57.0206083
248 57.3134099
1695 57.3310933
832 57.2082579
531 57.0167001
533 57.0480095
1408 57.4152759
1113 57.1937813
528 56.8865718
1121 57.1384728
1402 57.2403842
820 57.0221231
1984 57.2638319
537 57.3309144
1697 57.3370656
822 56.9244527
1410 57.0220077
817 56.8897376
826 57.2940938
1111 56.9006008
1691 57.3622529
2273 57.175574
1109 56.9451628
1986 57.2135028
1106 57.161621
1699 56.9487189
1980 57.3028652
1398 57.0358174
1115 57.3613479
2562 57.3185961
2275 57.0386316
1395 57.0145418
1687 57.1589542
1400 57.026961
1988 56.832707
2564 56.9712393
1404 57.4612884
1976 57.2788917
2269 57.4273792
1684 56.9788298
2851 57.1014168
2277 56.8372994
1689 57.382598
1973 57.1852796
2558 57.6705155
1693 57.4545785
2853 56.8999691
2265 57.1930218
3140 56.9431278
1978 57.4537243
3142 56.829412
1982 57.15924
2554 57.3704471
2566 56.8148919
2262 57.3194881
2847 57.5900903
3431 56.8985923
2551 57.3588158
3429 56.7520087
2267 57.4759599
3136 57.4107987
3720 56.9108618
2843 57.6039664
2855 56.9415456
2271 57.3280112
3718 56.9954732
3144 56.8942869
3132 57.3981793
2560 57.4521954
2840 57.3502037
3425 57.2199854
2556 57.3763456
4009 57.0209314
3714 57.2370112
2845 57.4519353
3129 57.2376979
4298 56.8878669
4007 56.9844283
3421 57.4261883
3433 56.8534832
2849 57.5352623
4296 56.9218708
3722 56.8937257
3138 57.3607317
3710 57.47831
4003 57.1689235
3418 57.2562677
4587 56.9865021
3134 57.4682389
3707 57.4966789
4292 56.9431579
4876 57.0531515
3423 57.3016632
4585 56.7478205
4011 56.9414027
3427 57.2158939
3999 57.2975031
4300 56.9479167
4874 56.8425692
3716 57.1677033
4288 57.3540579
3996 57.2779915
4581 57.1040966
269 57.2523742
3712 57.2335563
4285 57.5260327
558 57.3731468
4870 56.8428859
4001 57.2148814
4589 56.8201371
267 57.4024832
4005 57.0378951
4577 57.2922573
4878 56.9026892
556 57.5287138
4294 56.8581247
4866 57.1337378
4574 57.4020888
847 57.3273895
263 57.2122501
4290 57.1824359
4863 57.325251
1136 57.1824063
552 57.2497443
4579 57.2207599
271 56.9894645
845 57.5173861
4583 56.6850315
259 56.8961183
560 57.1478689
1134 57.479562
4872 56.8346211
256 56.8869767
548 56.863569
1425 57.3539653
841 57.2975535
4868 57.015643
545 57.0939937
1714 57.3295857
1130 57.2344209
261 56.9637756
849 57.0300157
1423 57.4161061
265 57.4516787
837 57.0402477
1138 56.8517593
1712 57.307496
834 56.9200852
554 57.4852528
1126 57.1525884
1419 57.5203582
2003 57.1299462
550 57.0719457
1123 56.9741135
2292 57.1116683
1708 57.3308079
839 57.0011355
2001 57.3684364
1427 56.919664
843 57.4609011
1415 57.1826689
2290 57.2475362
1716 56.8775808
1132 57.4355745
1704 57.3061149
1412 57.1517989
2581 56.962333
1997 57.4054363
1128 56.9660372
1701 57.1337618
2870 56.7986925
2286 57.6884146
2005 56.9697493
2579 57.1123635
1417 57.0579883
1421 57.4785243
1993 57.3456835
2294 56.9524276
2868 57.1370508
2282 57.6092309
1710 57.5341488
1990 57.3600249
3159 57.0012383
2575 57.6951315
1706 57.2861288
2279 57.3307812
2583 56.8940191
3448 56.9891424
2864 57.4087402
1995 57.3290295
3157 56.9251094
1999 57.2717087
2571 57.523261
2872 56.8563006
3446 56.7001195
2288 57.3224149
2860 57.4881296
2568 57.5593598
3737 56.8411795
3153 57.2312502
2284 57.5901101
4026 56.9505039
2857 57.5525494
3442 57.3333655
3161 56.8728813
2573 57.4877857
3735 57.114237
2577 57.2462163
3149 57.6029736
3450 57.0186178
4024 56.9366256
2866 57.1949884
3438 57.5849688
4315 56.9132073
3146 57.4962217
3731 57.1399999
2862 57.5731655
4604 56.989598
3435 57.3640282
4020 57.0250435
3739 56.9778831
4313 56.7369443
3151 57.5065976
3155 57.3168733
3727 57.4799915
4028 56.9730447
4602 56.6635056
4016 57.4119103
3444 57.1701554
4893 57.0009672
3724 57.3127906
4309 56.8425765
3440 57.2671726
286 57.2798416
4598 56.8470285
4305 57.3574344
4013 57.368207
4317 56.8711237
3729 57.2153582
4891 56.8984697
3733 57.0674461
4022 57.096433
284 57.5960472
4606 56.9300876
4594 57.1310205
575 57.2725433
4887 56.9695716
4018 57.3110693
4302 57.3567236
4311 56.7396289
864 57.3544008
4591 57.26389
280 57.3372547
573 57.4452575
4307 57.0782964
4895 56.9672538
4883 57.0429934
4600 56.7748113
4596 57.09126
862 57.4111995
288 56.9949831
4885 56.994687
4880 57.2200972
569 57.3143453
4889 56.918414
1153 57.3706325
276 57.0644204
278 57.1565718
273 56.9710697
858 57.3710715
565 57.0728156
577 57.1164974
1151 57.4007939
567 57.1040853
282 57.6544849
866 57.1184264
1440 57.3312426
1442 57.2406868
856 57.1414129
1147 57.4907434
854 57.1379198
1729 57.3137928
562 57.0807086
571 57.4992012
1155 57.0242261
1436 57.645504
1731 57.2097645
2018 57.3426771
1143 57.3558427
1145 57.327639
2020 57.1504947
851 57.0936689
860 57.5406981
1434 57.294593
1444 56.9617282
1725 57.5386305
1432 57.4076527
2307 57.4203998
1140 57.3879173
2309 56.9606764
1149 57.5574259
2596 57.1204256
1721 57.3863606
2014 57.472737
1733 57.0332534
1723 57.3540352
2598 56.9979261
2010 57.540983
1429 57.272086
1438 57.4835563
2887 56.8598937
2299 57.5750129
2885 56.9787259
2303 57.5420797
3176 56.9053429
2012 57.4433708
2022 56.9088803
1718 57.3594004
3174 56.9323292
2592 57.3998842
1727 57.3793751
2588 57.5585267
2311 56.902826
2301 57.3758793
3465 56.8138156
2007 57.2804888
2877 57.5029512
3463 56.9254497
2016 57.379381
3754 57.1120583
2881 57.3084945
2600 57.0404304
2590 57.4317485
3752 57.0747293
3166 57.5134039
2296 57.3001677
3170 57.2018552
2889 57.0106952
2305 57.3633752
2879 57.5874855
4043 57.0510715
3455 57.3075957
2585 57.4568495
2594 57.1879215
4041 56.8951992
4332 56.8155151
3459 57.3181317
3744 57.2764078
3178 57.0640248
3168 57.3828924
4330 56.8078303
3748 57.1708044
2874 57.5197401
3467 56.9204283
2883 57.0932422
3457 57.2759442
4033 57.2246508
4621 56.8455261
3163 57.4203418
3172 57.0813
4619 56.6909902
4322 57.3141295
4910 56.8720025
4037 56.9684557
3746 57.1847524
3756 56.950049
4908 56.7357752
4611 57.1325222
4326 56.9965481
4035 57.1758434
3461 56.9905732
3452 57.2433928
4900 56.9678759
4615 56.8903218
3750 56.9285698
4045 56.9118317
3741 57.3545446
4904 57.073017
4039 56.8223876
4324 57.0615517
4334 56.9490524
4030 57.2003425
4328 56.7941042
4613 56.9290425
4623 56.9274274
4319 57.1859608
4617 57.0676362
4902 57.046581
4912 56.8363942
4608 57.1518712
4906 57.0231017
4897 57.1205862
2 58.9179102
291 58.886199
580 58.2637338
869 57.5649816
1158 57.0155547
1447 56.7564289
1736 56.5976356
2025 56.8849484
2314 57.152961
2603 57.5039034
2892 57.7445415
3181 57.6065923
3470 57.3589782
3759 56.9822061
4048 57.0234546
4337 56.8708083
4626 57.0195533
19 58.9460945
308 58.6423057
597 58.3362948
886 57.5797881
1175 56.9197886
1464 56.6396098
1753 56.5809228
2042 56.7622158
2331 57.3274392
2620 57.44762
2909 57.5121095
3198 57.5922612
3487 57.4102474
3776 57.1113936
4065 57.0184257
4354 56.8943001
4643 57.0572473
36 58.2575265
325 58.2852759
614 57.8727706
903 57.4267349
1192 56.8055224
1481 56.6211984
1770 56.6496072
2059 56.83518
2348 57.4335703
2637 57.4370021
2926 57.6826166
3215 57.6540502
3504 57.3355722
3793 57.122808
4082 56.9603009
4371 57.0553467
4660 57.2548507
53 57.6386013
342 57.5398107
631 57.3701457
920 56.938513
1209 56.7265994
1498 56.6894565
1787 56.7836166
2076 56.932395
2365 57.2595151
2654 57.5528417
2943 57.8270067
3232 57.4464926
3521 57.2658188
3810 56.9668952
4099 57.0619432
4388 57.2352233
4677 57.1550758
70 56.9278454
359 56.8561462
648 56.8786567
937 56.831285
1226 56.5896932
1515 56.5138573
1804 56.6167924
2093 57.1715482
2382 57.262686
2671 57.4829705
2960 57.6498202
3249 57.5029769
3538 57.1170464
3827 57.023116
4116 57.06415
4405 57.2060005
4694 57.0796701
87 56.5374186
376 56.7040215
665 56.5565652
954 56.7715457
1243 56.7075624
1532 56.8777756
1821 56.995355
2110 57.2492197
2399 57.4897463
2688 57.4936035
2977 57.5413861
3266 57.1963927
3555 57.0345011
3844 56.900715
4133 56.8844271
4422 57.05667
4711 57.1727599
104 56.5179349
393 56.7159146
682 56.6121397
971 56.7723545
1260 56.9445255
1549 57.0049536
1838 57.2147828
2127 57.4804471
2416 57.5588521
2705 57.4996067
2994 57.0586918
3283 57.0838262
3572 56.9213995
3861 56.8163499
4150 56.9228752
4439 57.1568008
4728 57.2291551
121 56.6082894
410 56.7387017
699 57.0989144
988 57.0374147
1277 57.263547
1566 57.324076
1855 57.4212863
2144 57.6561481
2433 57.4825742
2722 57.3651962
3011 57.072473
3300 56.9963948
3589 56.8791908
3878 56.8130623
4167 57.0457278
4456 57.2888101
4745 57.3536505
138 57.0816924
427 57.1432505
716 57.3083727
1005 57.5004619
1294 57.6800896
1583 57.8926097
1872 57.720353
2161 57.8984798
2450 57.5141287
2739 57.2690937
3028 56.9654086
3317 56.7486808
3606 56.8035124
3895 57.0559721
4184 57.1561829
4473 57.3014367
4762 57.2996333
155 57.357004
444 57.4667153
733 57.5698884
1022 57.7184134
1311 57.7805069
1600 57.913721
1889 57.6843395
2178 57.6349346
2467 57.3936545
2756 57.3030796
3045 56.9730998
3334 56.7932963
3623 56.9130282
3912 57.0305653
4201 57.3196574
4490 57.4241481
4779 57.5353723
172 57.7037219
461 57.6030863
750 57.5569859
1039 57.4692499
1328 57.5744345
1617 57.5527302
1906 57.4844962
2195 57.348451
2484 57.218852
2773 57.1038606
3062 56.9414094
3351 56.8139047
3640 56.7175243
3929 57.0705922
4218 57.3853889
4507 57.5573799
4796 57.4389615
189 57.6892797
478 57.6763976
767 57.7372289
1056 57.5467556
1345 57.3615108
1634 57.2753413
1923 57.2398554
2212 57.1208358
2501 57.2315119
2790 57.0259609
3079 57.0643663
3368 56.9597007
3657 57.0591215
3946 57.1072818
4235 57.3783226
4524 57.4107559
4813 57.5435482
206 57.1864754
495 57.4796798
784 57.4806553
1073 57.4068835
1362 57.4191103
1651 57.1565576
1940 56.9915151
2229 57.0580026
2518 57.1680201
2807 57.1256383
3096 57.100811
3385 57.0780649
3674 57.1738348
3963 57.1559532
4252 57.4039469
4541 57.6711465
4830 57.5328539
223 57.1077253
512 57.0978706
801 57.1860501
1090 57.1569691
1379 56.9738527
1668 57.0778676
1957 56.9625828
2246 57.0701274
2535 57.1086543
2824 57.1771264
3113 57.1723033
3402 57.1841115
3691 57.1527147
3980 57.3839214
4269 57.446181
4558 57.5470312
4847 57.5941416
240 57.0218908
529 57.0132596
818 57.139221
1107 57.0654294
1396 57.067667
1685 57.0581472
1974 57.1153056
2263 57.2325702
2552 57.3595457
2841 57.2707487
3130 57.2946223
3419 57.4906002
3708 57.4275334
3997 57.2149815
4286 57.363213
4575 57.2067045
4864 57.2920948
257 56.9169918
546 57.086313
835 57.1651858
1124 57.0828258
1413 57.1377712
1702 57.3820314
1991 57.2140912
2280 57.3749642
2569 57.5265247
2858 57.6460864
3147 57.5417741
3436 57.3981454
3725 57.5087519
4014 57.4101045
4303 57.3237775
4592 57.0882882
4881 57.0865208
274 57.1486515
563 57.0742176
852 57.172799
1141 57.2885447
1430 57.3591872
1719 57.4198199
2008 57.4630002
2297 57.3772942
2586 57.5166011
2875 57.4583091
3164 57.4395929
3453 57.295089
3742 57.3723729
4031 57.3482996
4320 57.1398986
4609 57.0210469
4898 57.0691815
